EDD_C22,Lawler,SPT_sufficient,TT_star,beta_optimal,exact_q_1,exact_q_2,exact_q_3,exact_q_4,instance_id,optimal_schedule_count,optimal_schedules
True,True,True,4,True,True,True,True,,n3_o001_r0001,1,"[[1,2,3]]"
True,True,True,4,True,True,True,True,,n3_o001_r0002,1,"[[1,2,3]]"
True,True,True,5,True,True,True,True,,n3_o001_r0003,2,"[[1,2,3],[2,1,3]]"
True,True,True,5,True,True,True,True,,n3_o001_r0004,1,"[[1,2,3]]"
True,True,True,5,True,True,True,True,,n3_o001_r0005,1,"[[2,1,3]]"
True,True,True,5,True,True,True,True,,n3_o001_r0006,1,"[[2,1,3]]"
True,True,True,3,True,True,True,True,,n3_o002_r0007,1,"[[1,2,3]]"
True,True,True,4,True,True,True,True,,n3_o002_r0008,2,"[[1,2,3],[1,3,2]]"
True,True,True,4,True,True,True,True,,n3_o002_r0009,2,"[[1,2,3],[2,1,3]]"
True,True,True,5,True,True,True,True,,n3_o002_r0010,2,"[[1,2,3],[1,3,2]]"
True,True,True,5,True,True,True,True,,n3_o002_r0011,1,"[[2,1,3]]"
True,True,True,5,True,True,True,True,,n3_o002_r0012,1,"[[2,1,3]]"
True,True,True,2,True,True,True,True,,n3_o003_r0013,1,"[[1,2,3]]"
True,True,True,3,True,True,True,True,,n3_o003_r0014,1,"[[1,3,2]]"
True,True,True,3,True,True,True,True,,n3_o003_r0015,2,"[[1,2,3],[2,1,3]]"
True,True,True,4,True,True,True,True,,n3_o003_r0016,1,"[[1,3,2]]"
True,True,True,5,True,True,True,True,,n3_o003_r0017,2,"[[2,1,3],[2,3,1]]"
True,True,True,5,True,True,True,True,,n3_o003_r0018,2,"[[2,1,3],[2,3,1]]"
True,True,True,2,True,True,True,True,,n3_o004_r0019,1,"[[1,2,3]]"
True,True,True,3,True,True,True,True,,n3_o004_r0020,2,"[[1,2,3],[1,3,2]]"
True,True,True,3,True,True,True,True,,n3_o004_r0021,1,"[[2,1,3]]"
True,True,True,5,True,True,True,True,,n3_o004_r0022,4,"[[1,2,3],[1,3,2],[2,1,3],[3,1,2]]"
True,True,True,4,True,True,True,True,,n3_o004_r0023,1,"[[2,1,3]]"
True,True,True,5,True,True,True,True,,n3_o004_r0024,3,"[[1,2,3],[2,1,3],[3,1,2]]"
True,True,True,1,True,True,True,True,,n3_o005_r0025,1,"[[1,2,3]]"
True,True,True,2,True,True,True,True,,n3_o005_r0026,1,"[[1,3,2]]"
True,True,True,2,True,True,True,True,,n3_o005_r0027,1,"[[2,1,3]]"
True,True,True,4,True,True,True,True,,n3_o005_r0028,2,"[[1,3,2],[3,1,2]]"
True,True,True,4,True,True,True,True,,n3_o005_r0029,2,"[[2,1,3],[2,3,1]]"
True,True,True,5,True,True,True,True,,n3_o005_r0030,5,"[[1,2,3],[2,1,3],[2,3,1],[3,1,2],[3,2,1]]"
True,True,True,1,True,True,True,True,,n3_o006_r0031,1,"[[1,2,3]]"
True,True,True,1,True,True,True,True,,n3_o006_r0032,1,"[[1,3,2]]"
True,True,True,2,True,True,True,True,,n3_o006_r0033,1,"[[2,1,3]]"
True,True,True,3,True,True,True,True,,n3_o006_r0034,1,"[[3,1,2]]"
True,True,True,3,True,True,True,True,,n3_o006_r0035,2,"[[2,1,3],[2,3,1]]"
True,True,True,4,True,True,True,True,,n3_o006_r0036,2,"[[3,1,2],[3,2,1]]"
True,True,True,2,True,True,True,True,,n3_o007_r0037,1,"[[1,2,3]]"
True,True,True,3,True,True,True,True,,n3_o007_r0038,2,"[[1,2,3],[1,3,2]]"
True,True,True,2,True,True,True,True,,n3_o007_r0039,1,"[[2,1,3]]"
True,True,True,4,True,True,True,True,,n3_o007_r0040,4,"[[1,2,3],[1,3,2],[2,1,3],[3,1,2]]"
True,True,True,3,True,True,True,True,,n3_o007_r0041,1,"[[2,1,3]]"
True,True,True,4,True,True,True,True,,n3_o007_r0042,3,"[[1,2,3],[2,1,3],[3,1,2]]"
True,True,True,1,True,True,True,True,,n3_o008_r0043,1,"[[1,2,3]]"
True,True,True,2,True,True,True,True,,n3_o008_r0044,1,"[[1,3,2]]"
True,True,True,1,True,True,True,True,,n3_o008_r0045,1,"[[2,1,3]]"
True,True,True,3,True,True,True,True,,n3_o008_r0046,2,"[[1,3,2],[3,1,2]]"
True,True,True,3,True,True,True,True,,n3_o008_r0047,2,"[[2,1,3],[2,3,1]]"
True,True,True,4,True,True,True,True,,n3_o008_r0048,5,"[[1,2,3],[2,1,3],[2,3,1],[3,1,2],[3,2,1]]"
True,True,True,1,True,True,True,True,,n3_o009_r0049,1,"[[1,2,3]]"
True,True,True,1,True,True,True,True,,n3_o009_r0050,1,"[[1,3,2]]"
True,True,True,1,True,True,True,True,,n3_o009_r0051,1,"[[2,1,3]]"
True,True,True,2,True,True,True,True,,n3_o009_r0052,1,"[[3,1,2]]"
True,True,True,2,True,True,True,True,,n3_o009_r0053,2,"[[2,1,3],[2,3,1]]"
True,True,True,3,True,True,True,True,,n3_o009_r0054,2,"[[3,1,2],[3,2,1]]"
True,True,True,1,True,True,True,True,,n3_o010_r0055,2,"[[1,2,3],[2,1,3]]"
True,True,True,1,True,True,True,True,,n3_o010_r0056,1,"[[1,3,2]]"
True,True,True,1,True,True,True,True,,n3_o010_r0057,2,"[[1,2,3],[2,1,3]]"
True,True,True,1,True,True,True,True,,n3_o010_r0058,1,"[[3,1,2]]"
True,True,True,2,True,True,True,True,,n3_o010_r0059,3,"[[1,2,3],[2,1,3],[2,3,1]]"
True,True,True,2,True,True,True,True,,n3_o010_r0060,2,"[[3,1,2],[3,2,1]]"
True,True,True,10,True,True,True,True,True,n4_o001_r0061,1,"[[1,2,3,4]]"
True,True,True,10,True,True,True,True,True,n4_o001_r0062,1,"[[1,2,3,4]]"
True,True,True,10,True,True,True,True,True,n4_o001_r0063,1,"[[1,2,3,4]]"
True,True,True,10,True,True,True,True,True,n4_o001_r0064,1,"[[1,2,3,4]]"
True,True,True,11,True,True,True,True,True,n4_o001_r0065,2,"[[1,2,3,4],[1,3,2,4]]"
True,True,True,11,True,True,True,True,True,n4_o001_r0066,2,"[[1,2,3,4],[1,3,2,4]]"
True,True,True,11,True,True,True,True,True,n4_o001_r0067,2,"[[1,2,3,4],[2,1,3,4]]"
True,True,True,11,True,True,True,True,True,n4_o001_r0068,2,"[[1,2,3,4],[2,1,3,4]]"
True,True,True,11,True,True,True,True,True,n4_o001_r0069,1,"[[1,2,3,4]]"
True,True,True,11,True,True,True,True,True,n4_o001_r0070,1,"[[1,2,3,4]]"
True,True,True,12,True,True,True,True,True,n4_o001_r0071,2,"[[1,2,3,4],[1,3,2,4]]"
True,True,True,12,True,True,True,True,True,n4_o001_r0072,2,"[[1,2,3,4],[1,3,2,4]]"
True,True,True,11,True,True,True,True,True,n4_o001_r0073,1,"[[2,1,3,4]]"
True,True,True,11,True,True,True,True,True,n4_o001_r0074,1,"[[2,1,3,4]]"
True,True,True,11,True,True,True,True,True,n4_o001_r0075,1,"[[2,1,3,4]]"
True,True,True,11,True,True,True,True,True,n4_o001_r0076,1,"[[2,1,3,4]]"
True,True,True,13,True,True,True,True,True,n4_o001_r0077,4,"[[1,2,3,4],[1,3,2,4],[2,1,3,4],[3,1,2,4]]"
True,True,True,13,True,True,True,True,True,n4_o001_r0078,4,"[[1,2,3,4],[1,3,2,4],[2,1,3,4],[3,1,2,4]]"
True,True,True,12,True,True,True,True,True,n4_o001_r0079,1,"[[2,1,3,4]]"
True,True,True,12,True,True,True,True,True,n4_o001_r0080,1,"[[2,1,3,4]]"
True,True,True,12,True,True,True,True,True,n4_o001_r0081,1,"[[2,1,3,4]]"
True,True,True,12,True,True,True,True,True,n4_o001_r0082,1,"[[2,1,3,4]]"
True,True,True,13,True,True,True,True,True,n4_o001_r0083,3,"[[1,2,3,4],[2,1,3,4],[3,1,2,4]]"
True,True,True,13,True,True,True,True,True,n4_o001_r0084,3,"[[1,2,3,4],[2,1,3,4],[3,1,2,4]]"
True,True,True,9,True,True,True,True,True,n4_o002_r0085,1,"[[1,2,3,4]]"
True,True,True,9,True,True,True,True,True,n4_o002_r0086,1,"[[1,2,3,4]]"
True,True,True,9,True,True,True,True,True,n4_o002_r0087,1,"[[1,2,3,4]]"
True,True,True,9,True,True,True,True,True,n4_o002_r0088,1,"[[1,2,3,4]]"
True,True,True,10,True,True,True,True,True,n4_o002_r0089,1,"[[1,3,2,4]]"
True,True,True,10,True,True,True,True,True,n4_o002_r0090,1,"[[1,3,2,4]]"
True,True,True,10,True,True,True,True,True,n4_o002_r0091,2,"[[1,2,3,4],[2,1,3,4]]"
True,True,True,10,True,True,True,True,True,n4_o002_r0092,2,"[[1,2,3,4],[2,1,3,4]]"
True,True,True,10,True,True,True,True,True,n4_o002_r0093,1,"[[1,2,3,4]]"
True,True,True,10,True,True,True,True,True,n4_o002_r0094,1,"[[1,2,3,4]]"
True,True,True,11,True,True,True,True,True,n4_o002_r0095,1,"[[1,3,2,4]]"
True,True,True,11,True,True,True,True,True,n4_o002_r0096,1,"[[1,3,2,4]]"
True,True,True,10,True,True,True,True,True,n4_o002_r0097,1,"[[2,1,3,4]]"
True,True,True,10,True,True,True,True,True,n4_o002_r0098,1,"[[2,1,3,4]]"
True,True,True,10,True,True,True,True,True,n4_o002_r0099,1,"[[2,1,3,4]]"
True,True,True,10,True,True,True,True,True,n4_o002_r0100,1,"[[2,1,3,4]]"
True,True,True,12,True,True,True,True,True,n4_o002_r0101,2,"[[1,3,2,4],[3,1,2,4]]"
True,True,True,12,True,True,True,True,True,n4_o002_r0102,2,"[[1,3,2,4],[3,1,2,4]]"
True,True,True,12,True,True,True,True,True,n4_o002_r0103,2,"[[2,1,3,4],[2,3,1,4]]"
True,True,True,12,True,True,True,True,True,n4_o002_r0104,2,"[[2,1,3,4],[2,3,1,4]]"
True,True,True,12,True,True,True,True,True,n4_o002_r0105,2,"[[2,1,3,4],[2,3,1,4]]"
True,True,True,12,True,True,True,True,True,n4_o002_r0106,2,"[[2,1,3,4],[2,3,1,4]]"
True,True,True,13,True,True,True,True,True,n4_o002_r0107,5,"[[1,2,3,4],[2,1,3,4],[2,3,1,4],[3,1,2,4],[3,2,1,4]]"
True,True,True,13,True,True,True,True,True,n4_o002_r0108,5,"[[1,2,3,4],[2,1,3,4],[2,3,1,4],[3,1,2,4],[3,2,1,4]]"
True,True,True,8,True,True,True,True,True,n4_o003_r0109,1,"[[1,2,3,4]]"
True,True,True,8,True,True,True,True,True,n4_o003_r0110,1,"[[1,2,3,4]]"
True,True,True,8,True,True,True,True,True,n4_o003_r0111,1,"[[1,2,3,4]]"
True,True,True,8,True,True,True,True,True,n4_o003_r0112,1,"[[1,2,3,4]]"
True,True,True,9,True,True,True,True,True,n4_o003_r0113,1,"[[1,3,2,4]]"
True,True,True,9,True,True,True,True,True,n4_o003_r0114,1,"[[1,3,2,4]]"
True,True,True,9,True,True,True,True,True,n4_o003_r0115,2,"[[1,2,3,4],[2,1,3,4]]"
True,True,True,9,True,True,True,True,True,n4_o003_r0116,2,"[[1,2,3,4],[2,1,3,4]]"
True,True,True,9,True,True,True,True,True,n4_o003_r0117,1,"[[1,2,3,4]]"
True,True,True,9,True,True,True,True,True,n4_o003_r0118,1,"[[1,2,3,4]]"
True,True,True,10,True,True,True,True,True,n4_o003_r0119,1,"[[1,3,2,4]]"
True,True,True,10,True,True,True,True,True,n4_o003_r0120,1,"[[1,3,2,4]]"
True,True,True,9,True,True,True,True,True,n4_o003_r0121,1,"[[2,1,3,4]]"
True,True,True,9,True,True,True,True,True,n4_o003_r0122,1,"[[2,1,3,4]]"
True,True,True,9,True,True,True,True,True,n4_o003_r0123,1,"[[2,1,3,4]]"
True,True,True,9,True,True,True,True,True,n4_o003_r0124,1,"[[2,1,3,4]]"
True,True,True,11,True,True,True,True,True,n4_o003_r0125,2,"[[1,3,2,4],[3,1,2,4]]"
True,True,True,11,True,True,True,True,True,n4_o003_r0126,2,"[[1,3,2,4],[3,1,2,4]]"
True,True,True,11,True,True,True,True,True,n4_o003_r0127,1,"[[2,3,1,4]]"
True,True,True,11,True,True,True,True,True,n4_o003_r0128,1,"[[2,3,1,4]]"
True,True,True,11,True,True,True,True,True,n4_o003_r0129,1,"[[2,3,1,4]]"
True,True,True,11,True,True,True,True,True,n4_o003_r0130,1,"[[2,3,1,4]]"
True,True,True,12,True,True,True,True,True,n4_o003_r0131,2,"[[2,3,1,4],[3,2,1,4]]"
True,True,True,12,True,True,True,True,True,n4_o003_r0132,2,"[[2,3,1,4],[3,2,1,4]]"
True,True,True,7,True,True,True,True,True,n4_o004_r0133,1,"[[1,2,3,4]]"
True,True,True,8,True,True,True,True,True,n4_o004_r0134,2,"[[1,2,3,4],[1,2,4,3]]"
True,True,True,7,True,True,True,True,True,n4_o004_r0135,1,"[[1,2,3,4]]"
True,True,True,8,True,True,True,True,True,n4_o004_r0136,2,"[[1,2,3,4],[1,2,4,3]]"
True,True,True,9,True,True,True,True,True,n4_o004_r0137,1,"[[1,3,2,4]]"
True,True,True,9,True,True,True,True,True,n4_o004_r0138,1,"[[1,3,2,4]]"
True,True,True,8,True,True,True,True,True,n4_o004_r0139,2,"[[1,2,3,4],[2,1,3,4]]"
True,True,True,9,True,True,True,True,True,n4_o004_r0140,4,"[[1,2,3,4],[1,2,4,3],[2,1,3,4],[2,1,4,3]]"
True,True,True,8,True,True,True,True,True,n4_o004_r0141,1,"[[1,2,3,4]]"
True,True,True,9,True,True,True,True,True,n4_o004_r0142,2,"[[1,2,3,4],[1,2,4,3]]"
True,True,True,10,True,True,True,True,True,n4_o004_r0143,1,"[[1,3,2,4]]"
True,True,True,10,True,True,True,True,True,n4_o004_r0144,1,"[[1,3,2,4]]"
True,True,True,8,True,True,True,True,True,n4_o004_r0145,1,"[[2,1,3,4]]"
True,True,True,9,True,True,True,True,True,n4_o004_r0146,2,"[[2,1,3,4],[2,1,4,3]]"
True,True,True,8,True,True,True,True,True,n4_o004_r0147,1,"[[2,1,3,4]]"
True,True,True,9,True,True,True,True,True,n4_o004_r0148,2,"[[2,1,3,4],[2,1,4,3]]"
True,True,True,11,True,True,True,True,True,n4_o004_r0149,2,"[[1,3,2,4],[3,1,2,4]]"
True,True,True,11,True,True,True,True,True,n4_o004_r0150,2,"[[1,3,2,4],[3,1,2,4]]"
True,True,True,11,True,True,True,True,True,n4_o004_r0151,1,"[[2,3,1,4]]"
True,True,True,11,True,True,True,True,True,n4_o004_r0152,1,"[[2,3,1,4]]"
True,True,True,11,True,True,True,True,True,n4_o004_r0153,1,"[[2,3,1,4]]"
True,True,True,11,True,True,True,True,True,n4_o004_r0154,1,"[[2,3,1,4]]"
True,True,True,12,True,True,True,True,True,n4_o004_r0155,2,"[[2,3,1,4],[3,2,1,4]]"
True,True,True,12,True,True,True,True,True,n4_o004_r0156,2,"[[2,3,1,4],[3,2,1,4]]"
True,True,True,6,True,True,True,True,True,n4_o005_r0157,1,"[[1,2,3,4]]"
True,True,True,7,True,True,True,True,True,n4_o005_r0158,1,"[[1,2,4,3]]"
True,True,True,6,True,True,True,True,True,n4_o005_r0159,1,"[[1,2,3,4]]"
True,True,True,7,True,True,True,True,True,n4_o005_r0160,1,"[[1,2,4,3]]"
True,True,True,9,True,True,True,True,True,n4_o005_r0161,2,"[[1,3,2,4],[1,3,4,2]]"
True,True,True,9,True,True,True,True,True,n4_o005_r0162,2,"[[1,3,2,4],[1,3,4,2]]"
True,True,True,7,True,True,True,True,True,n4_o005_r0163,2,"[[1,2,3,4],[2,1,3,4]]"
True,True,True,8,True,True,True,True,True,n4_o005_r0164,2,"[[1,2,4,3],[2,1,4,3]]"
True,True,True,7,True,True,True,True,True,n4_o005_r0165,1,"[[1,2,3,4]]"
True,True,True,8,True,True,True,True,True,n4_o005_r0166,1,"[[1,2,4,3]]"
True,True,True,10,True,True,True,True,True,n4_o005_r0167,2,"[[1,3,2,4],[1,3,4,2]]"
True,True,True,10,True,True,True,True,True,n4_o005_r0168,2,"[[1,3,2,4],[1,3,4,2]]"
True,True,True,7,True,True,True,True,True,n4_o005_r0169,1,"[[2,1,3,4]]"
True,True,True,8,True,True,True,True,True,n4_o005_r0170,1,"[[2,1,4,3]]"
True,True,True,7,True,True,True,True,True,n4_o005_r0171,1,"[[2,1,3,4]]"
True,True,True,8,True,True,True,True,True,n4_o005_r0172,1,"[[2,1,4,3]]"
True,True,True,11,True,True,True,True,True,n4_o005_r0173,4,"[[1,3,2,4],[1,3,4,2],[3,1,2,4],[3,1,4,2]]"
True,True,True,11,True,True,True,True,True,n4_o005_r0174,4,"[[1,3,2,4],[1,3,4,2],[3,1,2,4],[3,1,4,2]]"
True,True,True,11,True,True,True,True,True,n4_o005_r0175,1,"[[2,3,1,4]]"
True,True,True,11,True,True,True,True,True,n4_o005_r0176,1,"[[2,3,1,4]]"
True,True,True,11,True,True,True,True,True,n4_o005_r0177,1,"[[2,3,1,4]]"
True,True,True,11,True,True,True,True,True,n4_o005_r0178,1,"[[2,3,1,4]]"
True,True,True,12,True,True,True,True,True,n4_o005_r0179,2,"[[2,3,1,4],[3,2,1,4]]"
True,True,True,12,True,True,True,True,True,n4_o005_r0180,2,"[[2,3,1,4],[3,2,1,4]]"
True,True,True,5,True,True,True,True,True,n4_o006_r0181,1,"[[1,2,3,4]]"
True,True,True,6,True,True,True,True,True,n4_o006_r0182,1,"[[1,2,4,3]]"
True,True,True,5,True,True,True,True,True,n4_o006_r0183,1,"[[1,2,3,4]]"
True,True,True,6,True,True,True,True,True,n4_o006_r0184,1,"[[1,2,4,3]]"
True,True,True,8,True,True,True,True,True,n4_o006_r0185,1,"[[1,3,4,2]]"
True,True,True,8,True,True,True,True,True,n4_o006_r0186,1,"[[1,3,4,2]]"
True,True,True,6,True,True,True,True,True,n4_o006_r0187,2,"[[1,2,3,4],[2,1,3,4]]"
True,True,True,7,True,True,True,True,True,n4_o006_r0188,2,"[[1,2,4,3],[2,1,4,3]]"
True,True,True,6,True,True,True,True,True,n4_o006_r0189,1,"[[1,2,3,4]]"
True,True,True,7,True,True,True,True,True,n4_o006_r0190,1,"[[1,2,4,3]]"
True,True,True,9,True,True,True,True,True,n4_o006_r0191,1,"[[1,3,4,2]]"
True,True,True,9,True,True,True,True,True,n4_o006_r0192,1,"[[1,3,4,2]]"
True,True,True,6,True,True,True,True,True,n4_o006_r0193,1,"[[2,1,3,4]]"
True,True,True,7,True,True,True,True,True,n4_o006_r0194,1,"[[2,1,4,3]]"
True,True,True,6,True,True,True,True,True,n4_o006_r0195,1,"[[2,1,3,4]]"
True,True,True,7,True,True,True,True,True,n4_o006_r0196,1,"[[2,1,4,3]]"
True,True,True,10,True,True,True,True,True,n4_o006_r0197,2,"[[1,3,4,2],[3,1,4,2]]"
True,True,True,10,True,True,True,True,True,n4_o006_r0198,2,"[[1,3,4,2],[3,1,4,2]]"
True,True,True,11,True,True,True,True,True,n4_o006_r0199,2,"[[2,3,1,4],[2,3,4,1]]"
True,True,True,11,True,True,True,True,True,n4_o006_r0200,2,"[[2,3,1,4],[2,3,4,1]]"
True,True,True,11,True,True,True,True,True,n4_o006_r0201,2,"[[2,3,1,4],[2,3,4,1]]"
True,True,True,11,True,True,True,True,True,n4_o006_r0202,2,"[[2,3,1,4],[2,3,4,1]]"
True,True,True,12,True,True,True,True,True,n4_o006_r0203,4,"[[2,3,1,4],[2,3,4,1],[3,2,1,4],[3,2,4,1]]"
True,True,True,12,True,True,True,True,True,n4_o006_r0204,4,"[[2,3,1,4],[2,3,4,1],[3,2,1,4],[3,2,4,1]]"
True,True,True,8,True,True,True,True,True,n4_o007_r0205,1,"[[1,2,3,4]]"
True,True,True,8,True,True,True,True,True,n4_o007_r0206,1,"[[1,2,3,4]]"
True,True,True,9,True,True,True,True,True,n4_o007_r0207,2,"[[1,2,3,4],[1,3,2,4]]"
True,True,True,9,True,True,True,True,True,n4_o007_r0208,1,"[[1,2,3,4]]"
True,True,True,9,True,True,True,True,True,n4_o007_r0209,1,"[[1,3,2,4]]"
True,True,True,9,True,True,True,True,True,n4_o007_r0210,1,"[[1,3,2,4]]"
True,True,True,9,True,True,True,True,True,n4_o007_r0211,2,"[[1,2,3,4],[2,1,3,4]]"
True,True,True,9,True,True,True,True,True,n4_o007_r0212,2,"[[1,2,3,4],[2,1,3,4]]"
True,True,True,10,True,True,True,True,True,n4_o007_r0213,2,"[[1,2,3,4],[1,3,2,4]]"
True,True,True,10,True,True,True,True,True,n4_o007_r0214,1,"[[1,2,3,4]]"
True,True,True,10,True,True,True,True,True,n4_o007_r0215,1,"[[1,3,2,4]]"
True,True,True,10,True,True,True,True,True,n4_o007_r0216,1,"[[1,3,2,4]]"
True,True,True,10,True,True,True,True,True,n4_o007_r0217,1,"[[2,1,3,4]]"
True,True,True,10,True,True,True,True,True,n4_o007_r0218,1,"[[2,1,3,4]]"
True,True,True,10,True,True,True,True,True,n4_o007_r0219,1,"[[2,1,3,4]]"
True,True,True,10,True,True,True,True,True,n4_o007_r0220,1,"[[2,1,3,4]]"
True,True,True,11,True,True,True,True,True,n4_o007_r0221,1,"[[3,1,2,4]]"
True,True,True,11,True,True,True,True,True,n4_o007_r0222,1,"[[3,1,2,4]]"
True,True,True,11,True,True,True,True,True,n4_o007_r0223,2,"[[2,1,3,4],[2,3,1,4]]"
True,True,True,11,True,True,True,True,True,n4_o007_r0224,2,"[[2,1,3,4],[2,3,1,4]]"
True,True,True,11,True,True,True,True,True,n4_o007_r0225,2,"[[2,1,3,4],[2,3,1,4]]"
True,True,True,11,True,True,True,True,True,n4_o007_r0226,2,"[[2,1,3,4],[2,3,1,4]]"
True,True,True,12,True,True,True,True,True,n4_o007_r0227,2,"[[3,1,2,4],[3,2,1,4]]"
True,True,True,12,True,True,True,True,True,n4_o007_r0228,2,"[[3,1,2,4],[3,2,1,4]]"
True,True,True,7,True,True,True,True,True,n4_o008_r0229,1,"[[1,2,3,4]]"
True,True,True,7,True,True,True,True,True,n4_o008_r0230,1,"[[1,2,3,4]]"
True,True,True,8,True,True,True,True,True,n4_o008_r0231,2,"[[1,2,3,4],[1,3,2,4]]"
True,True,True,8,True,True,True,True,True,n4_o008_r0232,1,"[[1,2,3,4]]"
True,True,True,8,True,True,True,True,True,n4_o008_r0233,1,"[[1,3,2,4]]"
True,True,True,8,True,True,True,True,True,n4_o008_r0234,1,"[[1,3,2,4]]"
True,True,True,8,True,True,True,True,True,n4_o008_r0235,2,"[[1,2,3,4],[2,1,3,4]]"
True,True,True,8,True,True,True,True,True,n4_o008_r0236,2,"[[1,2,3,4],[2,1,3,4]]"
True,True,True,9,True,True,True,True,True,n4_o008_r0237,2,"[[1,2,3,4],[1,3,2,4]]"
True,True,True,9,True,True,True,True,True,n4_o008_r0238,1,"[[1,2,3,4]]"
True,True,True,9,True,True,True,True,True,n4_o008_r0239,1,"[[1,3,2,4]]"
True,True,True,9,True,True,True,True,True,n4_o008_r0240,1,"[[1,3,2,4]]"
True,True,True,9,True,True,True,True,True,n4_o008_r0241,1,"[[2,1,3,4]]"
True,True,True,9,True,True,True,True,True,n4_o008_r0242,1,"[[2,1,3,4]]"
True,True,True,9,True,True,True,True,True,n4_o008_r0243,1,"[[2,1,3,4]]"
True,True,True,9,True,True,True,True,True,n4_o008_r0244,1,"[[2,1,3,4]]"
True,True,True,10,True,True,True,True,True,n4_o008_r0245,1,"[[3,1,2,4]]"
True,True,True,10,True,True,True,True,True,n4_o008_r0246,1,"[[3,1,2,4]]"
True,True,True,10,True,True,True,True,True,n4_o008_r0247,1,"[[2,3,1,4]]"
True,True,True,10,True,True,True,True,True,n4_o008_r0248,1,"[[2,3,1,4]]"
True,True,True,10,True,True,True,True,True,n4_o008_r0249,1,"[[2,3,1,4]]"
True,True,True,10,True,True,True,True,True,n4_o008_r0250,1,"[[2,3,1,4]]"
True,True,True,11,True,True,True,True,True,n4_o008_r0251,1,"[[3,2,1,4]]"
True,True,True,11,True,True,True,True,True,n4_o008_r0252,1,"[[3,2,1,4]]"
True,True,True,6,True,True,True,True,True,n4_o009_r0253,1,"[[1,2,3,4]]"
True,True,True,7,True,True,True,True,True,n4_o009_r0254,2,"[[1,2,3,4],[1,2,4,3]]"
True,True,True,7,True,True,True,True,True,n4_o009_r0255,2,"[[1,2,3,4],[1,3,2,4]]"
True,True,True,8,True,True,True,True,True,n4_o009_r0256,2,"[[1,2,3,4],[1,2,4,3]]"
True,True,True,8,True,True,True,True,True,n4_o009_r0257,1,"[[1,3,2,4]]"
True,True,True,8,True,True,True,True,True,n4_o009_r0258,1,"[[1,3,2,4]]"
True,True,True,7,True,True,True,True,True,n4_o009_r0259,2,"[[1,2,3,4],[2,1,3,4]]"
True,True,True,8,True,True,True,True,True,n4_o009_r0260,4,"[[1,2,3,4],[1,2,4,3],[2,1,3,4],[2,1,4,3]]"
True,True,True,8,True,True,True,True,True,n4_o009_r0261,2,"[[1,2,3,4],[1,3,2,4]]"
True,True,True,9,True,True,True,True,True,n4_o009_r0262,2,"[[1,2,3,4],[1,2,4,3]]"
True,True,True,9,True,True,True,True,True,n4_o009_r0263,1,"[[1,3,2,4]]"
True,True,True,9,True,True,True,True,True,n4_o009_r0264,1,"[[1,3,2,4]]"
True,True,True,8,True,True,True,True,True,n4_o009_r0265,1,"[[2,1,3,4]]"
True,True,True,9,True,True,True,True,True,n4_o009_r0266,2,"[[2,1,3,4],[2,1,4,3]]"
True,True,True,8,True,True,True,True,True,n4_o009_r0267,1,"[[2,1,3,4]]"
True,True,True,9,True,True,True,True,True,n4_o009_r0268,2,"[[2,1,3,4],[2,1,4,3]]"
True,True,True,10,True,True,True,True,True,n4_o009_r0269,1,"[[3,1,2,4]]"
True,True,True,10,True,True,True,True,True,n4_o009_r0270,1,"[[3,1,2,4]]"
True,True,True,10,True,True,True,True,True,n4_o009_r0271,1,"[[2,3,1,4]]"
True,True,True,10,True,True,True,True,True,n4_o009_r0272,1,"[[2,3,1,4]]"
True,True,True,10,True,True,True,True,True,n4_o009_r0273,1,"[[2,3,1,4]]"
True,True,True,10,True,True,True,True,True,n4_o009_r0274,1,"[[2,3,1,4]]"
True,True,True,11,True,True,True,True,True,n4_o009_r0275,1,"[[3,2,1,4]]"
True,True,True,11,True,True,True,True,True,n4_o009_r0276,1,"[[3,2,1,4]]"
True,True,True,5,True,True,True,True,True,n4_o010_r0277,1,"[[1,2,3,4]]"
True,True,True,6,True,True,True,True,True,n4_o010_r0278,1,"[[1,2,4,3]]"
True,True,True,6,True,True,True,True,True,n4_o010_r0279,2,"[[1,2,3,4],[1,3,2,4]]"
True,True,True,7,True,True,True,True,True,n4_o010_r0280,1,"[[1,2,4,3]]"
True,True,True,8,True,True,True,True,True,n4_o010_r0281,2,"[[1,3,2,4],[1,3,4,2]]"
True,True,True,8,True,True,True,True,True,n4_o010_r0282,2,"[[1,3,2,4],[1,3,4,2]]"
True,True,True,6,True,True,True,True,True,n4_o010_r0283,2,"[[1,2,3,4],[2,1,3,4]]"
True,True,True,7,True,True,True,True,True,n4_o010_r0284,2,"[[1,2,4,3],[2,1,4,3]]"
True,True,True,7,True,True,True,True,True,n4_o010_r0285,2,"[[1,2,3,4],[1,3,2,4]]"
True,True,True,8,True,True,True,True,True,n4_o010_r0286,1,"[[1,2,4,3]]"
True,True,True,9,True,True,True,True,True,n4_o010_r0287,2,"[[1,3,2,4],[1,3,4,2]]"
True,True,True,9,True,True,True,True,True,n4_o010_r0288,2,"[[1,3,2,4],[1,3,4,2]]"
True,True,True,7,True,True,True,True,True,n4_o010_r0289,1,"[[2,1,3,4]]"
True,True,True,8,True,True,True,True,True,n4_o010_r0290,1,"[[2,1,4,3]]"
True,True,True,7,True,True,True,True,True,n4_o010_r0291,1,"[[2,1,3,4]]"
True,True,True,8,True,True,True,True,True,n4_o010_r0292,1,"[[2,1,4,3]]"
True,True,True,10,True,True,True,True,True,n4_o010_r0293,2,"[[3,1,2,4],[3,1,4,2]]"
True,True,True,10,True,True,True,True,True,n4_o010_r0294,2,"[[3,1,2,4],[3,1,4,2]]"
True,True,True,10,True,True,True,True,True,n4_o010_r0295,1,"[[2,3,1,4]]"
True,True,True,10,True,True,True,True,True,n4_o010_r0296,1,"[[2,3,1,4]]"
True,True,True,10,True,True,True,True,True,n4_o010_r0297,1,"[[2,3,1,4]]"
True,True,True,10,True,True,True,True,True,n4_o010_r0298,1,"[[2,3,1,4]]"
True,True,True,11,True,True,True,True,True,n4_o010_r0299,1,"[[3,2,1,4]]"
True,True,True,11,True,True,True,True,True,n4_o010_r0300,1,"[[3,2,1,4]]"
True,True,True,4,True,True,True,True,True,n4_o011_r0301,1,"[[1,2,3,4]]"
True,True,True,5,True,True,True,True,True,n4_o011_r0302,1,"[[1,2,4,3]]"
True,True,True,5,True,True,True,True,True,n4_o011_r0303,2,"[[1,2,3,4],[1,3,2,4]]"
True,True,True,6,True,True,True,True,True,n4_o011_r0304,1,"[[1,2,4,3]]"
True,True,True,7,True,True,True,True,True,n4_o011_r0305,1,"[[1,3,4,2]]"
True,True,True,7,True,True,True,True,True,n4_o011_r0306,1,"[[1,3,4,2]]"
True,True,True,5,True,True,True,True,True,n4_o011_r0307,2,"[[1,2,3,4],[2,1,3,4]]"
True,True,True,6,True,True,True,True,True,n4_o011_r0308,2,"[[1,2,4,3],[2,1,4,3]]"
True,True,True,6,True,True,True,True,True,n4_o011_r0309,2,"[[1,2,3,4],[1,3,2,4]]"
True,True,True,7,True,True,True,True,True,n4_o011_r0310,1,"[[1,2,4,3]]"
True,True,True,8,True,True,True,True,True,n4_o011_r0311,1,"[[1,3,4,2]]"
True,True,True,8,True,True,True,True,True,n4_o011_r0312,1,"[[1,3,4,2]]"
True,True,True,6,True,True,True,True,True,n4_o011_r0313,1,"[[2,1,3,4]]"
True,True,True,7,True,True,True,True,True,n4_o011_r0314,1,"[[2,1,4,3]]"
True,True,True,6,True,True,True,True,True,n4_o011_r0315,1,"[[2,1,3,4]]"
True,True,True,7,True,True,True,True,True,n4_o011_r0316,1,"[[2,1,4,3]]"
True,True,True,9,True,True,True,True,True,n4_o011_r0317,1,"[[3,1,4,2]]"
True,True,True,9,True,True,True,True,True,n4_o011_r0318,1,"[[3,1,4,2]]"
True,True,True,10,True,True,True,True,True,n4_o011_r0319,2,"[[2,3,1,4],[2,3,4,1]]"
True,True,True,10,True,True,True,True,True,n4_o011_r0320,2,"[[2,3,1,4],[2,3,4,1]]"
True,True,True,10,True,True,True,True,True,n4_o011_r0321,2,"[[2,3,1,4],[2,3,4,1]]"
True,True,True,10,True,True,True,True,True,n4_o011_r0322,2,"[[2,3,1,4],[2,3,4,1]]"
True,True,True,11,True,True,True,True,True,n4_o011_r0323,2,"[[3,2,1,4],[3,2,4,1]]"
True,True,True,11,True,True,True,True,True,n4_o011_r0324,2,"[[3,2,1,4],[3,2,4,1]]"
True,True,True,6,True,True,True,True,True,n4_o012_r0325,1,"[[1,2,3,4]]"
True,True,True,6,True,True,True,True,True,n4_o012_r0326,1,"[[1,2,3,4]]"
True,True,True,7,True,True,True,True,True,n4_o012_r0327,1,"[[1,3,2,4]]"
True,True,True,8,True,True,True,True,True,n4_o012_r0328,1,"[[1,2,3,4]]"
True,True,True,7,True,True,True,True,True,n4_o012_r0329,1,"[[1,3,2,4]]"
True,True,True,8,True,True,True,True,True,n4_o012_r0330,1,"[[1,3,2,4]]"
True,True,True,7,True,True,True,True,True,n4_o012_r0331,2,"[[1,2,3,4],[2,1,3,4]]"
True,True,True,7,True,True,True,True,True,n4_o012_r0332,2,"[[1,2,3,4],[2,1,3,4]]"
True,True,True,8,True,True,True,True,True,n4_o012_r0333,1,"[[1,3,2,4]]"
True,True,True,9,True,True,True,True,True,n4_o012_r0334,1,"[[1,2,3,4]]"
True,True,True,8,True,True,True,True,True,n4_o012_r0335,1,"[[1,3,2,4]]"
True,True,True,9,True,True,True,True,True,n4_o012_r0336,1,"[[1,3,2,4]]"
True,True,True,9,True,True,True,True,True,n4_o012_r0337,2,"[[2,1,3,4],[2,3,1,4]]"
True,True,True,9,True,True,True,True,True,n4_o012_r0338,1,"[[2,1,3,4]]"
True,True,True,9,True,True,True,True,True,n4_o012_r0339,2,"[[2,1,3,4],[2,3,1,4]]"
True,True,True,9,True,True,True,True,True,n4_o012_r0340,1,"[[2,1,3,4]]"
True,True,True,10,True,True,True,True,True,n4_o012_r0341,1,"[[3,1,2,4]]"
True,True,True,10,True,True,True,True,True,n4_o012_r0342,1,"[[3,1,2,4]]"
True,True,True,9,True,True,True,True,True,n4_o012_r0343,1,"[[2,3,1,4]]"
True,True,True,9,True,True,True,True,True,n4_o012_r0344,1,"[[2,3,1,4]]"
True,True,True,9,True,True,True,True,True,n4_o012_r0345,1,"[[2,3,1,4]]"
True,True,True,9,True,True,True,True,True,n4_o012_r0346,1,"[[2,3,1,4]]"
True,True,True,10,True,True,True,True,True,n4_o012_r0347,1,"[[3,2,1,4]]"
True,True,True,10,True,True,True,True,True,n4_o012_r0348,1,"[[3,2,1,4]]"
True,True,True,5,True,True,True,True,True,n4_o013_r0349,1,"[[1,2,3,4]]"
True,True,True,6,True,True,True,True,True,n4_o013_r0350,2,"[[1,2,3,4],[1,2,4,3]]"
True,True,True,6,True,True,True,True,True,n4_o013_r0351,1,"[[1,3,2,4]]"
True,True,True,8,True,True,True,True,True,n4_o013_r0352,3,"[[1,2,3,4],[1,2,4,3],[1,4,2,3]]"
True,True,True,7,True,True,True,True,True,n4_o013_r0353,1,"[[1,3,2,4]]"
True,True,True,8,True,True,True,True,True,n4_o013_r0354,2,"[[1,3,2,4],[1,4,2,3]]"
True,True,True,6,True,True,True,True,True,n4_o013_r0355,2,"[[1,2,3,4],[2,1,3,4]]"
True,True,True,7,True,True,True,True,True,n4_o013_r0356,4,"[[1,2,3,4],[1,2,4,3],[2,1,3,4],[2,1,4,3]]"
True,True,True,7,True,True,True,True,True,n4_o013_r0357,1,"[[1,3,2,4]]"
True,True,True,9,True,True,True,True,True,n4_o013_r0358,3,"[[1,2,3,4],[1,2,4,3],[1,4,2,3]]"
True,True,True,8,True,True,True,True,True,n4_o013_r0359,1,"[[1,3,2,4]]"
True,True,True,9,True,True,True,True,True,n4_o013_r0360,2,"[[1,3,2,4],[1,4,2,3]]"
True,True,True,8,True,True,True,True,True,n4_o013_r0361,2,"[[2,1,3,4],[2,3,1,4]]"
True,True,True,9,True,True,True,True,True,n4_o013_r0362,2,"[[2,1,3,4],[2,1,4,3]]"
True,True,True,8,True,True,True,True,True,n4_o013_r0363,2,"[[2,1,3,4],[2,3,1,4]]"
True,True,True,9,True,True,True,True,True,n4_o013_r0364,2,"[[2,1,3,4],[2,1,4,3]]"
True,True,True,10,True,True,True,True,True,n4_o013_r0365,1,"[[3,1,2,4]]"
True,True,True,10,True,True,True,True,True,n4_o013_r0366,1,"[[3,1,2,4]]"
True,True,True,9,True,True,True,True,True,n4_o013_r0367,1,"[[2,3,1,4]]"
True,True,True,9,True,True,True,True,True,n4_o013_r0368,1,"[[2,3,1,4]]"
True,True,True,9,True,True,True,True,True,n4_o013_r0369,1,"[[2,3,1,4]]"
True,True,True,9,True,True,True,True,True,n4_o013_r0370,1,"[[2,3,1,4]]"
True,True,True,10,True,True,True,True,True,n4_o013_r0371,1,"[[3,2,1,4]]"
True,True,True,10,True,True,True,True,True,n4_o013_r0372,1,"[[3,2,1,4]]"
True,True,True,4,True,True,True,True,True,n4_o014_r0373,1,"[[1,2,3,4]]"
True,True,True,5,True,True,True,True,True,n4_o014_r0374,1,"[[1,2,4,3]]"
True,True,True,5,True,True,True,True,True,n4_o014_r0375,1,"[[1,3,2,4]]"
True,True,True,7,True,True,True,True,True,n4_o014_r0376,2,"[[1,2,4,3],[1,4,2,3]]"
True,True,True,7,True,True,True,True,True,n4_o014_r0377,2,"[[1,3,2,4],[1,3,4,2]]"
True,True,True,8,True,True,True,True,True,n4_o014_r0378,4,"[[1,3,2,4],[1,3,4,2],[1,4,2,3],[1,4,3,2]]"
True,True,True,5,True,True,True,True,True,n4_o014_r0379,2,"[[1,2,3,4],[2,1,3,4]]"
True,True,True,6,True,True,True,True,True,n4_o014_r0380,2,"[[1,2,4,3],[2,1,4,3]]"
True,True,True,6,True,True,True,True,True,n4_o014_r0381,1,"[[1,3,2,4]]"
True,True,True,8,True,True,True,True,True,n4_o014_r0382,2,"[[1,2,4,3],[1,4,2,3]]"
True,True,True,8,True,True,True,True,True,n4_o014_r0383,2,"[[1,3,2,4],[1,3,4,2]]"
True,True,True,9,True,True,True,True,True,n4_o014_r0384,4,"[[1,3,2,4],[1,3,4,2],[1,4,2,3],[1,4,3,2]]"
True,True,True,7,True,True,True,True,True,n4_o014_r0385,2,"[[2,1,3,4],[2,3,1,4]]"
True,True,True,8,True,True,True,True,True,n4_o014_r0386,1,"[[2,1,4,3]]"
True,True,True,7,True,True,True,True,True,n4_o014_r0387,2,"[[2,1,3,4],[2,3,1,4]]"
True,True,True,8,True,True,True,True,True,n4_o014_r0388,1,"[[2,1,4,3]]"
True,True,True,10,True,True,True,True,True,n4_o014_r0389,2,"[[3,1,2,4],[3,1,4,2]]"
True,True,True,10,True,True,True,True,True,n4_o014_r0390,2,"[[3,1,2,4],[3,1,4,2]]"
True,True,True,9,True,True,True,True,True,n4_o014_r0391,1,"[[2,3,1,4]]"
True,True,True,9,True,True,True,True,True,n4_o014_r0392,1,"[[2,3,1,4]]"
True,True,True,9,True,True,True,True,True,n4_o014_r0393,1,"[[2,3,1,4]]"
True,True,True,9,True,True,True,True,True,n4_o014_r0394,1,"[[2,3,1,4]]"
True,True,True,10,True,True,True,True,True,n4_o014_r0395,1,"[[3,2,1,4]]"
True,True,True,10,True,True,True,True,True,n4_o014_r0396,1,"[[3,2,1,4]]"
True,True,True,3,True,True,True,True,True,n4_o015_r0397,1,"[[1,2,3,4]]"
True,True,True,4,True,True,True,True,True,n4_o015_r0398,1,"[[1,2,4,3]]"
True,True,True,4,True,True,True,True,True,n4_o015_r0399,1,"[[1,3,2,4]]"
True,True,True,6,True,True,True,True,True,n4_o015_r0400,2,"[[1,2,4,3],[1,4,2,3]]"
True,True,True,6,True,True,True,True,True,n4_o015_r0401,1,"[[1,3,4,2]]"
True,True,True,7,True,True,True,True,True,n4_o015_r0402,2,"[[1,3,4,2],[1,4,3,2]]"
True,True,True,4,True,True,True,True,True,n4_o015_r0403,2,"[[1,2,3,4],[2,1,3,4]]"
True,True,True,5,True,True,True,True,True,n4_o015_r0404,2,"[[1,2,4,3],[2,1,4,3]]"
True,True,True,5,True,True,True,True,True,n4_o015_r0405,1,"[[1,3,2,4]]"
True,True,True,7,True,True,True,True,True,n4_o015_r0406,2,"[[1,2,4,3],[1,4,2,3]]"
True,True,True,7,True,True,True,True,True,n4_o015_r0407,1,"[[1,3,4,2]]"
True,True,True,8,True,True,True,True,True,n4_o015_r0408,2,"[[1,3,4,2],[1,4,3,2]]"
True,True,True,6,True,True,True,True,True,n4_o015_r0409,2,"[[2,1,3,4],[2,3,1,4]]"
True,True,True,7,True,True,True,True,True,n4_o015_r0410,1,"[[2,1,4,3]]"
True,True,True,6,True,True,True,True,True,n4_o015_r0411,2,"[[2,1,3,4],[2,3,1,4]]"
True,True,True,7,True,True,True,True,True,n4_o015_r0412,1,"[[2,1,4,3]]"
True,True,True,9,True,True,True,True,True,n4_o015_r0413,1,"[[3,1,4,2]]"
True,True,True,9,True,True,True,True,True,n4_o015_r0414,1,"[[3,1,4,2]]"
True,True,True,9,True,True,True,True,True,n4_o015_r0415,2,"[[2,3,1,4],[2,3,4,1]]"
True,True,True,9,True,True,True,True,True,n4_o015_r0416,2,"[[2,3,1,4],[2,3,4,1]]"
True,True,True,9,True,True,True,True,True,n4_o015_r0417,2,"[[2,3,1,4],[2,3,4,1]]"
True,True,True,9,True,True,True,True,True,n4_o015_r0418,2,"[[2,3,1,4],[2,3,4,1]]"
True,True,True,10,True,True,True,True,True,n4_o015_r0419,2,"[[3,2,1,4],[3,2,4,1]]"
True,True,True,10,True,True,True,True,True,n4_o015_r0420,2,"[[3,2,1,4],[3,2,4,1]]"
True,True,True,4,True,True,True,True,True,n4_o016_r0421,1,"[[1,2,3,4]]"
True,True,True,5,True,True,True,True,True,n4_o016_r0422,2,"[[1,2,3,4],[1,2,4,3]]"
True,True,True,5,True,True,True,True,True,n4_o016_r0423,1,"[[1,3,2,4]]"
True,True,True,7,True,True,True,True,True,n4_o016_r0424,1,"[[1,4,2,3]]"
True,True,True,6,True,True,True,True,True,n4_o016_r0425,1,"[[1,3,2,4]]"
True,True,True,7,True,True,,,,n4_o016_r0426,1,"[[1,4,2,3]]"
True,True,True,5,True,True,True,True,True,n4_o016_r0427,2,"[[1,2,3,4],[2,1,3,4]]"
True,True,True,6,True,True,True,True,True,n4_o016_r0428,4,"[[1,2,3,4],[1,2,4,3],[2,1,3,4],[2,1,4,3]]"
True,True,True,6,True,True,True,True,True,n4_o016_r0429,1,"[[1,3,2,4]]"
True,True,True,8,True,True,True,True,True,n4_o016_r0430,1,"[[1,4,2,3]]"
True,True,True,7,True,True,True,True,True,n4_o016_r0431,1,"[[1,3,2,4]]"
True,True,True,8,True,True,,,,n4_o016_r0432,1,"[[1,4,2,3]]"
True,True,True,7,True,True,True,True,True,n4_o016_r0433,1,"[[2,3,1,4]]"
True,True,True,9,True,True,True,True,True,n4_o016_r0434,4,"[[2,1,3,4],[2,1,4,3],[2,3,1,4],[2,4,1,3]]"
True,True,True,7,True,True,True,True,True,n4_o016_r0435,1,"[[2,3,1,4]]"
True,True,True,9,True,True,True,True,True,n4_o016_r0436,4,"[[2,1,3,4],[2,1,4,3],[2,3,1,4],[2,4,1,3]]"
True,True,True,10,True,True,True,True,True,n4_o016_r0437,2,"[[3,1,2,4],[3,2,1,4]]"
True,True,True,10,True,True,True,True,True,n4_o016_r0438,2,"[[3,1,2,4],[3,2,1,4]]"
True,True,True,8,True,True,True,True,True,n4_o016_r0439,1,"[[2,3,1,4]]"
True,True,True,9,True,True,True,True,True,n4_o016_r0440,3,"[[2,1,3,4],[2,3,1,4],[2,4,1,3]]"
True,True,True,8,True,True,True,True,True,n4_o016_r0441,1,"[[2,3,1,4]]"
True,True,True,9,True,True,True,True,True,n4_o016_r0442,3,"[[2,1,3,4],[2,3,1,4],[2,4,1,3]]"
True,True,True,10,True,True,True,True,True,n4_o016_r0443,2,"[[3,1,2,4],[3,2,1,4]]"
True,True,True,10,True,True,True,True,True,n4_o016_r0444,2,"[[3,1,2,4],[3,2,1,4]]"
True,True,True,3,True,True,True,True,True,n4_o017_r0445,1,"[[1,2,3,4]]"
True,True,True,4,True,True,True,True,True,n4_o017_r0446,1,"[[1,2,4,3]]"
True,True,True,4,True,True,True,True,True,n4_o017_r0447,1,"[[1,3,2,4]]"
True,True,True,6,True,True,True,True,True,n4_o017_r0448,1,"[[1,4,2,3]]"
True,True,True,6,True,True,True,True,True,n4_o017_r0449,2,"[[1,3,2,4],[1,3,4,2]]"
True,True,True,7,True,True,True,True,True,n4_o017_r0450,2,"[[1,4,2,3],[1,4,3,2]]"
True,True,True,4,True,True,True,True,True,n4_o017_r0451,2,"[[1,2,3,4],[2,1,3,4]]"
True,True,True,5,True,True,True,True,True,n4_o017_r0452,2,"[[1,2,4,3],[2,1,4,3]]"
True,True,True,5,True,True,True,True,True,n4_o017_r0453,1,"[[1,3,2,4]]"
True,True,True,7,True,True,True,True,True,n4_o017_r0454,1,"[[1,4,2,3]]"
True,True,True,7,True,True,True,True,True,n4_o017_r0455,2,"[[1,3,2,4],[1,3,4,2]]"
True,True,True,8,True,True,True,True,True,n4_o017_r0456,2,"[[1,4,2,3],[1,4,3,2]]"
True,True,True,6,True,True,True,True,True,n4_o017_r0457,1,"[[2,3,1,4]]"
True,True,True,8,True,True,True,True,True,n4_o017_r0458,2,"[[2,1,4,3],[2,4,1,3]]"
True,True,True,6,True,True,True,True,True,n4_o017_r0459,1,"[[2,3,1,4]]"
True,True,True,8,True,True,True,True,True,n4_o017_r0460,2,"[[2,1,4,3],[2,4,1,3]]"
True,True,True,10,True,True,True,True,True,n4_o017_r0461,3,"[[3,1,2,4],[3,1,4,2],[3,2,1,4]]"
True,True,True,10,True,True,True,True,True,n4_o017_r0462,3,"[[3,1,2,4],[3,1,4,2],[3,2,1,4]]"
True,True,True,8,True,True,True,True,True,n4_o017_r0463,1,"[[2,3,1,4]]"
True,True,True,9,True,True,True,True,True,n4_o017_r0464,3,"[[2,1,3,4],[2,3,1,4],[2,4,1,3]]"
True,True,True,8,True,True,True,True,True,n4_o017_r0465,1,"[[2,3,1,4]]"
True,True,True,9,True,True,True,True,True,n4_o017_r0466,3,"[[2,1,3,4],[2,3,1,4],[2,4,1,3]]"
True,True,True,10,True,True,True,True,True,n4_o017_r0467,2,"[[3,1,2,4],[3,2,1,4]]"
True,True,True,10,True,True,True,True,True,n4_o017_r0468,2,"[[3,1,2,4],[3,2,1,4]]"
True,True,True,2,True,True,True,True,True,n4_o018_r0469,1,"[[1,2,3,4]]"
True,True,True,3,True,True,True,True,True,n4_o018_r0470,1,"[[1,2,4,3]]"
True,True,True,3,True,True,True,True,True,n4_o018_r0471,1,"[[1,3,2,4]]"
True,True,True,5,True,True,True,True,True,n4_o018_r0472,1,"[[1,4,2,3]]"
True,True,True,5,True,True,True,True,True,n4_o018_r0473,1,"[[1,3,4,2]]"
True,True,True,6,True,True,True,True,True,n4_o018_r0474,1,"[[1,4,3,2]]"
True,True,True,3,True,True,True,True,True,n4_o018_r0475,2,"[[1,2,3,4],[2,1,3,4]]"
True,True,True,4,True,True,True,True,True,n4_o018_r0476,2,"[[1,2,4,3],[2,1,4,3]]"
True,True,True,4,True,True,True,True,True,n4_o018_r0477,1,"[[1,3,2,4]]"
True,True,True,6,True,True,True,True,True,n4_o018_r0478,1,"[[1,4,2,3]]"
True,True,True,6,True,True,True,True,True,n4_o018_r0479,1,"[[1,3,4,2]]"
True,True,True,7,True,True,True,True,True,n4_o018_r0480,1,"[[1,4,3,2]]"
True,True,True,5,True,True,True,True,True,n4_o018_r0481,1,"[[2,3,1,4]]"
True,True,True,7,True,True,True,True,True,n4_o018_r0482,2,"[[2,1,4,3],[2,4,1,3]]"
True,True,True,5,True,True,True,True,True,n4_o018_r0483,1,"[[2,3,1,4]]"
True,True,True,7,True,True,True,True,True,n4_o018_r0484,2,"[[2,1,4,3],[2,4,1,3]]"
True,True,True,9,True,True,True,True,True,n4_o018_r0485,1,"[[3,1,4,2]]"
True,True,True,9,True,True,True,True,True,n4_o018_r0486,1,"[[3,1,4,2]]"
True,True,True,8,True,True,True,True,True,n4_o018_r0487,2,"[[2,3,1,4],[2,3,4,1]]"
True,True,True,9,True,True,True,True,True,n4_o018_r0488,5,"[[2,1,3,4],[2,3,1,4],[2,3,4,1],[2,4,1,3],[2,4,3,1]]"
True,True,True,8,True,True,True,True,True,n4_o018_r0489,2,"[[2,3,1,4],[2,3,4,1]]"
True,True,True,9,True,True,True,True,True,n4_o018_r0490,5,"[[2,1,3,4],[2,3,1,4],[2,3,4,1],[2,4,1,3],[2,4,3,1]]"
True,True,True,10,True,True,True,True,True,n4_o018_r0491,3,"[[3,1,2,4],[3,2,1,4],[3,2,4,1]]"
True,True,True,10,True,True,True,True,True,n4_o018_r0492,3,"[[3,1,2,4],[3,2,1,4],[3,2,4,1]]"
True,True,True,3,True,True,True,True,True,n4_o019_r0493,1,"[[1,2,3,4]]"
True,True,True,3,True,True,True,True,True,n4_o019_r0494,1,"[[1,2,4,3]]"
True,True,True,4,True,True,True,True,True,n4_o019_r0495,1,"[[1,3,2,4]]"
True,True,True,5,True,True,True,True,True,n4_o019_r0496,1,"[[1,4,2,3]]"
True,True,True,5,True,True,True,True,True,n4_o019_r0497,2,"[[1,3,2,4],[1,3,4,2]]"
True,True,True,6,True,True,True,True,True,n4_o019_r0498,2,"[[1,4,2,3],[1,4,3,2]]"
True,True,True,4,True,True,True,True,True,n4_o019_r0499,2,"[[1,2,3,4],[2,1,3,4]]"
True,True,True,4,True,True,True,True,True,n4_o019_r0500,2,"[[1,2,4,3],[2,1,4,3]]"
True,True,True,5,True,True,True,True,True,n4_o019_r0501,1,"[[1,3,2,4]]"
True,True,True,6,True,True,True,True,True,n4_o019_r0502,1,"[[1,4,2,3]]"
True,True,True,6,True,True,True,True,True,n4_o019_r0503,2,"[[1,3,2,4],[1,3,4,2]]"
True,True,True,7,True,True,True,True,True,n4_o019_r0504,2,"[[1,4,2,3],[1,4,3,2]]"
True,True,True,6,True,True,True,True,True,n4_o019_r0505,1,"[[2,3,1,4]]"
True,True,True,7,True,True,True,True,True,n4_o019_r0506,1,"[[2,4,1,3]]"
True,True,True,6,True,True,True,True,True,n4_o019_r0507,1,"[[2,3,1,4]]"
True,True,True,7,True,True,True,True,True,n4_o019_r0508,1,"[[2,4,1,3]]"
True,True,True,10,True,True,True,True,True,n4_o019_r0509,4,"[[3,1,2,4],[3,1,4,2],[3,2,1,4],[3,4,1,2]]"
True,True,True,10,True,True,True,True,True,n4_o019_r0510,4,"[[3,1,2,4],[3,1,4,2],[3,2,1,4],[3,4,1,2]]"
True,True,True,7,True,True,True,True,True,n4_o019_r0511,1,"[[2,3,1,4]]"
True,True,True,8,True,True,True,True,True,n4_o019_r0512,1,"[[2,4,1,3]]"
True,True,True,7,True,True,True,True,True,n4_o019_r0513,1,"[[2,3,1,4]]"
True,True,True,8,True,True,True,True,True,n4_o019_r0514,1,"[[2,4,1,3]]"
True,True,True,10,True,True,True,True,True,n4_o019_r0515,3,"[[3,1,2,4],[3,2,1,4],[3,4,1,2]]"
True,True,True,10,True,True,True,True,True,n4_o019_r0516,3,"[[3,1,2,4],[3,2,1,4],[3,4,1,2]]"
True,True,True,2,True,True,True,True,True,n4_o020_r0517,1,"[[1,2,3,4]]"
True,True,True,2,True,True,True,True,True,n4_o020_r0518,1,"[[1,2,4,3]]"
True,True,True,3,True,True,True,True,True,n4_o020_r0519,1,"[[1,3,2,4]]"
True,True,True,4,True,True,True,True,True,n4_o020_r0520,1,"[[1,4,2,3]]"
True,True,True,4,True,True,True,True,True,n4_o020_r0521,1,"[[1,3,4,2]]"
True,True,True,5,True,True,True,True,True,n4_o020_r0522,1,"[[1,4,3,2]]"
True,True,True,3,True,True,True,True,True,n4_o020_r0523,2,"[[1,2,3,4],[2,1,3,4]]"
True,True,True,3,True,True,True,True,True,n4_o020_r0524,2,"[[1,2,4,3],[2,1,4,3]]"
True,True,True,4,True,True,True,True,True,n4_o020_r0525,1,"[[1,3,2,4]]"
True,True,True,5,True,True,True,True,True,n4_o020_r0526,1,"[[1,4,2,3]]"
True,True,True,5,True,True,True,True,True,n4_o020_r0527,1,"[[1,3,4,2]]"
True,True,True,6,True,True,True,True,True,n4_o020_r0528,1,"[[1,4,3,2]]"
True,True,True,5,True,True,True,True,True,n4_o020_r0529,1,"[[2,3,1,4]]"
True,True,True,6,True,True,True,True,True,n4_o020_r0530,1,"[[2,4,1,3]]"
True,True,True,5,True,True,True,True,True,n4_o020_r0531,1,"[[2,3,1,4]]"
True,True,True,6,True,True,True,True,True,n4_o020_r0532,1,"[[2,4,1,3]]"
True,True,True,9,True,True,True,True,True,n4_o020_r0533,2,"[[3,1,4,2],[3,4,1,2]]"
True,True,True,9,True,True,True,True,True,n4_o020_r0534,2,"[[3,1,4,2],[3,4,1,2]]"
True,True,True,7,True,True,True,True,True,n4_o020_r0535,2,"[[2,3,1,4],[2,3,4,1]]"
True,True,True,8,True,True,True,True,True,n4_o020_r0536,2,"[[2,4,1,3],[2,4,3,1]]"
True,True,True,7,True,True,True,True,True,n4_o020_r0537,2,"[[2,3,1,4],[2,3,4,1]]"
True,True,True,8,True,True,True,True,True,n4_o020_r0538,2,"[[2,4,1,3],[2,4,3,1]]"
True,True,True,10,True,True,True,True,True,n4_o020_r0539,5,"[[3,1,2,4],[3,2,1,4],[3,2,4,1],[3,4,1,2],[3,4,2,1]]"
True,True,True,10,True,True,True,True,True,n4_o020_r0540,5,"[[3,1,2,4],[3,2,1,4],[3,2,4,1],[3,4,1,2],[3,4,2,1]]"
True,True,True,2,True,True,True,True,True,n4_o021_r0541,1,"[[1,2,3,4]]"
True,True,True,2,True,True,True,True,True,n4_o021_r0542,1,"[[1,2,4,3]]"
True,True,True,3,True,True,True,True,True,n4_o021_r0543,1,"[[1,3,2,4]]"
True,True,True,4,True,True,True,True,True,n4_o021_r0544,1,"[[1,4,2,3]]"
True,True,True,3,True,True,True,True,True,n4_o021_r0545,1,"[[1,3,4,2]]"
True,True,True,4,True,True,True,True,True,n4_o021_r0546,1,"[[1,4,3,2]]"
True,True,True,3,True,True,True,True,True,n4_o021_r0547,2,"[[1,2,3,4],[2,1,3,4]]"
True,True,True,3,True,True,True,True,True,n4_o021_r0548,2,"[[1,2,4,3],[2,1,4,3]]"
True,True,True,4,True,True,True,True,True,n4_o021_r0549,1,"[[1,3,2,4]]"
True,True,True,5,True,True,True,True,True,n4_o021_r0550,1,"[[1,4,2,3]]"
True,True,True,4,True,True,True,True,True,n4_o021_r0551,1,"[[1,3,4,2]]"
True,True,True,5,True,True,True,True,True,n4_o021_r0552,1,"[[1,4,3,2]]"
True,True,True,5,True,True,True,True,True,n4_o021_r0553,1,"[[2,3,1,4]]"
True,True,True,6,True,True,True,True,True,n4_o021_r0554,1,"[[2,4,1,3]]"
True,True,True,5,True,True,True,True,True,n4_o021_r0555,1,"[[2,3,1,4]]"
True,True,True,6,True,True,True,True,True,n4_o021_r0556,1,"[[2,4,1,3]]"
True,True,True,8,True,True,True,True,True,n4_o021_r0557,1,"[[3,4,1,2]]"
True,True,True,8,True,True,True,True,True,n4_o021_r0558,1,"[[3,4,1,2]]"
True,True,True,6,True,True,True,True,True,n4_o021_r0559,2,"[[2,3,1,4],[2,3,4,1]]"
True,True,True,7,True,True,True,True,True,n4_o021_r0560,2,"[[2,4,1,3],[2,4,3,1]]"
True,True,True,6,True,True,True,True,True,n4_o021_r0561,2,"[[2,3,1,4],[2,3,4,1]]"
True,True,True,7,True,True,True,True,True,n4_o021_r0562,2,"[[2,4,1,3],[2,4,3,1]]"
True,True,True,9,True,True,True,True,True,n4_o021_r0563,2,"[[3,4,1,2],[3,4,2,1]]"
True,True,True,9,True,True,True,True,True,n4_o021_r0564,2,"[[3,4,1,2],[3,4,2,1]]"
True,True,True,7,True,True,True,True,True,n4_o022_r0565,1,"[[1,2,3,4]]"
True,True,True,7,True,True,True,True,True,n4_o022_r0566,1,"[[1,2,3,4]]"
True,True,True,8,True,True,True,True,True,n4_o022_r0567,2,"[[1,2,3,4],[1,3,2,4]]"
True,True,True,8,True,True,True,True,True,n4_o022_r0568,1,"[[1,2,3,4]]"
True,True,True,8,True,True,True,True,True,n4_o022_r0569,1,"[[1,3,2,4]]"
True,True,True,8,True,True,True,True,True,n4_o022_r0570,1,"[[1,3,2,4]]"
True,True,True,8,True,True,True,True,True,n4_o022_r0571,1,"[[2,1,3,4]]"
True,True,True,8,True,True,True,True,True,n4_o022_r0572,1,"[[2,1,3,4]]"
True,True,True,10,True,True,True,True,True,n4_o022_r0573,4,"[[1,2,3,4],[1,3,2,4],[2,1,3,4],[3,1,2,4]]"
True,True,True,10,True,True,True,True,True,n4_o022_r0574,2,"[[1,2,3,4],[2,1,3,4]]"
True,True,True,10,True,True,True,True,True,n4_o022_r0575,2,"[[1,3,2,4],[3,1,2,4]]"
True,True,True,10,True,True,True,True,True,n4_o022_r0576,1,"[[1,3,2,4]]"
True,True,True,9,True,True,True,True,True,n4_o022_r0577,1,"[[2,1,3,4]]"
True,True,True,9,True,True,True,True,True,n4_o022_r0578,1,"[[2,1,3,4]]"
True,True,True,10,True,True,True,True,True,n4_o022_r0579,3,"[[1,2,3,4],[2,1,3,4],[3,1,2,4]]"
True,True,True,10,True,True,True,True,True,n4_o022_r0580,2,"[[1,2,3,4],[2,1,3,4]]"
True,True,True,10,True,True,True,True,True,n4_o022_r0581,1,"[[3,1,2,4]]"
True,True,True,10,True,True,True,True,True,n4_o022_r0582,1,"[[3,1,2,4]]"
True,True,True,10,True,True,True,True,True,n4_o022_r0583,2,"[[2,1,3,4],[2,3,1,4]]"
True,True,True,10,True,True,True,True,True,n4_o022_r0584,2,"[[2,1,3,4],[2,3,1,4]]"
True,True,True,11,True,True,True,True,True,n4_o022_r0585,5,"[[1,2,3,4],[2,1,3,4],[2,3,1,4],[3,1,2,4],[3,2,1,4]]"
True,True,True,11,True,True,True,True,True,n4_o022_r0586,3,"[[1,2,3,4],[2,1,3,4],[2,3,1,4]]"
True,True,True,11,True,True,True,True,True,n4_o022_r0587,2,"[[3,1,2,4],[3,2,1,4]]"
True,True,True,11,True,True,True,True,True,n4_o022_r0588,2,"[[3,1,2,4],[3,2,1,4]]"
True,True,True,6,True,True,True,True,True,n4_o023_r0589,1,"[[1,2,3,4]]"
True,True,True,6,True,True,True,True,True,n4_o023_r0590,1,"[[1,2,3,4]]"
True,True,True,7,True,True,True,True,True,n4_o023_r0591,2,"[[1,2,3,4],[1,3,2,4]]"
True,True,True,7,True,True,True,True,True,n4_o023_r0592,1,"[[1,2,3,4]]"
True,True,True,7,True,True,True,True,True,n4_o023_r0593,1,"[[1,3,2,4]]"
True,True,True,7,True,True,True,True,True,n4_o023_r0594,1,"[[1,3,2,4]]"
True,True,True,7,True,True,True,True,True,n4_o023_r0595,1,"[[2,1,3,4]]"
True,True,True,7,True,True,True,True,True,n4_o023_r0596,1,"[[2,1,3,4]]"
True,True,True,9,True,True,True,True,True,n4_o023_r0597,4,"[[1,2,3,4],[1,3,2,4],[2,1,3,4],[3,1,2,4]]"
True,True,True,9,True,True,True,True,True,n4_o023_r0598,2,"[[1,2,3,4],[2,1,3,4]]"
True,True,True,9,True,True,True,True,True,n4_o023_r0599,2,"[[1,3,2,4],[3,1,2,4]]"
True,True,True,9,True,True,True,True,True,n4_o023_r0600,1,"[[1,3,2,4]]"
True,True,True,8,True,True,True,True,True,n4_o023_r0601,1,"[[2,1,3,4]]"
True,True,True,8,True,True,True,True,True,n4_o023_r0602,1,"[[2,1,3,4]]"
True,True,True,9,True,True,True,True,True,n4_o023_r0603,3,"[[1,2,3,4],[2,1,3,4],[3,1,2,4]]"
True,True,True,9,True,True,True,True,True,n4_o023_r0604,2,"[[1,2,3,4],[2,1,3,4]]"
True,True,True,9,True,True,True,True,True,n4_o023_r0605,1,"[[3,1,2,4]]"
True,True,True,9,True,True,True,True,True,n4_o023_r0606,1,"[[3,1,2,4]]"
True,True,True,9,True,True,True,True,True,n4_o023_r0607,1,"[[2,3,1,4]]"
True,True,True,9,True,True,True,True,True,n4_o023_r0608,1,"[[2,3,1,4]]"
True,True,True,10,True,True,True,True,True,n4_o023_r0609,2,"[[2,3,1,4],[3,2,1,4]]"
True,True,True,10,True,True,True,True,True,n4_o023_r0610,1,"[[2,3,1,4]]"
True,True,True,10,True,True,True,True,True,n4_o023_r0611,1,"[[3,2,1,4]]"
True,True,True,10,True,True,True,True,True,n4_o023_r0612,1,"[[3,2,1,4]]"
True,True,True,5,True,True,True,True,True,n4_o024_r0613,1,"[[1,2,3,4]]"
True,True,True,6,True,True,True,True,True,n4_o024_r0614,2,"[[1,2,3,4],[1,2,4,3]]"
True,True,True,6,True,True,True,True,True,n4_o024_r0615,2,"[[1,2,3,4],[1,3,2,4]]"
True,True,True,7,True,True,True,True,True,n4_o024_r0616,2,"[[1,2,3,4],[1,2,4,3]]"
True,True,True,7,True,True,True,True,True,n4_o024_r0617,1,"[[1,3,2,4]]"
True,True,True,7,True,True,True,True,True,n4_o024_r0618,1,"[[1,3,2,4]]"
True,True,True,6,True,True,True,True,True,n4_o024_r0619,1,"[[2,1,3,4]]"
True,True,True,7,True,True,True,True,True,n4_o024_r0620,2,"[[2,1,3,4],[2,1,4,3]]"
True,True,True,8,True,True,True,True,True,n4_o024_r0621,4,"[[1,2,3,4],[1,3,2,4],[2,1,3,4],[3,1,2,4]]"
True,True,True,9,True,True,True,True,True,n4_o024_r0622,4,"[[1,2,3,4],[1,2,4,3],[2,1,3,4],[2,1,4,3]]"
True,True,True,9,True,True,True,True,True,n4_o024_r0623,2,"[[1,3,2,4],[3,1,2,4]]"
True,True,True,9,True,True,True,True,True,n4_o024_r0624,1,"[[1,3,2,4]]"
True,True,True,7,True,True,True,True,True,n4_o024_r0625,1,"[[2,1,3,4]]"
True,True,True,8,True,True,True,True,True,n4_o024_r0626,2,"[[2,1,3,4],[2,1,4,3]]"
True,True,True,8,True,True,True,True,True,n4_o024_r0627,3,"[[1,2,3,4],[2,1,3,4],[3,1,2,4]]"
True,True,True,9,True,True,True,True,True,n4_o024_r0628,4,"[[1,2,3,4],[1,2,4,3],[2,1,3,4],[2,1,4,3]]"
True,True,True,9,True,True,True,True,True,n4_o024_r0629,1,"[[3,1,2,4]]"
True,True,True,9,True,True,True,True,True,n4_o024_r0630,1,"[[3,1,2,4]]"
True,True,True,9,True,True,True,True,True,n4_o024_r0631,1,"[[2,3,1,4]]"
True,True,True,9,True,True,True,True,True,n4_o024_r0632,1,"[[2,3,1,4]]"
True,True,True,10,True,True,True,True,True,n4_o024_r0633,2,"[[2,3,1,4],[3,2,1,4]]"
True,True,True,10,True,True,True,True,True,n4_o024_r0634,1,"[[2,3,1,4]]"
True,True,True,10,True,True,True,True,True,n4_o024_r0635,1,"[[3,2,1,4]]"
True,True,True,10,True,True,True,True,True,n4_o024_r0636,1,"[[3,2,1,4]]"
True,True,True,4,True,True,True,True,True,n4_o025_r0637,1,"[[1,2,3,4]]"
True,True,True,5,True,True,True,True,True,n4_o025_r0638,1,"[[1,2,4,3]]"
True,True,True,5,True,True,True,True,True,n4_o025_r0639,2,"[[1,2,3,4],[1,3,2,4]]"
True,True,True,6,True,True,True,True,True,n4_o025_r0640,1,"[[1,2,4,3]]"
True,True,True,7,True,True,True,True,True,n4_o025_r0641,2,"[[1,3,2,4],[1,3,4,2]]"
True,True,True,7,True,True,True,True,True,n4_o025_r0642,2,"[[1,3,2,4],[1,3,4,2]]"
True,True,True,5,True,True,True,True,True,n4_o025_r0643,1,"[[2,1,3,4]]"
True,True,True,6,True,True,True,True,True,n4_o025_r0644,1,"[[2,1,4,3]]"
True,True,True,7,True,True,True,True,True,n4_o025_r0645,4,"[[1,2,3,4],[1,3,2,4],[2,1,3,4],[3,1,2,4]]"
True,True,True,8,True,True,True,True,True,n4_o025_r0646,2,"[[1,2,4,3],[2,1,4,3]]"
True,True,True,9,True,True,True,True,True,n4_o025_r0647,4,"[[1,3,2,4],[1,3,4,2],[3,1,2,4],[3,1,4,2]]"
True,True,True,9,True,True,True,True,True,n4_o025_r0648,2,"[[1,3,2,4],[1,3,4,2]]"
True,True,True,6,True,True,True,True,True,n4_o025_r0649,1,"[[2,1,3,4]]"
True,True,True,7,True,True,True,True,True,n4_o025_r0650,1,"[[2,1,4,3]]"
True,True,True,7,True,True,True,True,True,n4_o025_r0651,3,"[[1,2,3,4],[2,1,3,4],[3,1,2,4]]"
True,True,True,8,True,True,True,True,True,n4_o025_r0652,2,"[[1,2,4,3],[2,1,4,3]]"
True,True,True,9,True,True,True,True,True,n4_o025_r0653,2,"[[3,1,2,4],[3,1,4,2]]"
True,True,True,9,True,True,True,True,True,n4_o025_r0654,2,"[[3,1,2,4],[3,1,4,2]]"
True,True,True,9,True,True,True,True,True,n4_o025_r0655,1,"[[2,3,1,4]]"
True,True,True,9,True,True,True,True,True,n4_o025_r0656,1,"[[2,3,1,4]]"
True,True,True,10,True,True,True,True,True,n4_o025_r0657,2,"[[2,3,1,4],[3,2,1,4]]"
True,True,True,10,True,True,True,True,True,n4_o025_r0658,1,"[[2,3,1,4]]"
True,True,True,10,True,True,True,True,True,n4_o025_r0659,1,"[[3,2,1,4]]"
True,True,True,10,True,True,True,True,True,n4_o025_r0660,1,"[[3,2,1,4]]"
True,True,True,3,True,True,True,True,True,n4_o026_r0661,1,"[[1,2,3,4]]"
True,True,True,4,True,True,True,True,True,n4_o026_r0662,1,"[[1,2,4,3]]"
True,True,True,4,True,True,True,True,True,n4_o026_r0663,2,"[[1,2,3,4],[1,3,2,4]]"
True,True,True,5,True,True,True,True,True,n4_o026_r0664,1,"[[1,2,4,3]]"
True,True,True,6,True,True,True,True,True,n4_o026_r0665,1,"[[1,3,4,2]]"
True,True,True,6,True,True,True,True,True,n4_o026_r0666,1,"[[1,3,4,2]]"
True,True,True,4,True,True,True,True,True,n4_o026_r0667,1,"[[2,1,3,4]]"
True,True,True,5,True,True,True,True,True,n4_o026_r0668,1,"[[2,1,4,3]]"
True,True,True,6,True,True,True,True,True,n4_o026_r0669,4,"[[1,2,3,4],[1,3,2,4],[2,1,3,4],[3,1,2,4]]"
True,True,True,7,True,True,True,True,True,n4_o026_r0670,2,"[[1,2,4,3],[2,1,4,3]]"
True,True,True,8,True,True,True,True,True,n4_o026_r0671,2,"[[1,3,4,2],[3,1,4,2]]"
True,True,True,8,True,True,True,True,True,n4_o026_r0672,1,"[[1,3,4,2]]"
True,True,True,5,True,True,True,True,True,n4_o026_r0673,1,"[[2,1,3,4]]"
True,True,True,6,True,True,True,True,True,n4_o026_r0674,1,"[[2,1,4,3]]"
True,True,True,6,True,True,True,True,True,n4_o026_r0675,3,"[[1,2,3,4],[2,1,3,4],[3,1,2,4]]"
True,True,True,7,True,True,True,True,True,n4_o026_r0676,2,"[[1,2,4,3],[2,1,4,3]]"
True,True,True,8,True,True,True,True,True,n4_o026_r0677,1,"[[3,1,4,2]]"
True,True,True,8,True,True,True,True,True,n4_o026_r0678,1,"[[3,1,4,2]]"
True,True,True,9,True,True,True,True,True,n4_o026_r0679,2,"[[2,3,1,4],[2,3,4,1]]"
True,True,True,9,True,True,True,True,True,n4_o026_r0680,2,"[[2,3,1,4],[2,3,4,1]]"
True,True,True,10,True,True,True,True,True,n4_o026_r0681,4,"[[2,3,1,4],[2,3,4,1],[3,2,1,4],[3,2,4,1]]"
True,True,True,10,True,True,True,True,True,n4_o026_r0682,2,"[[2,3,1,4],[2,3,4,1]]"
True,True,True,10,True,True,True,True,True,n4_o026_r0683,2,"[[3,2,1,4],[3,2,4,1]]"
True,True,True,10,True,True,True,True,True,n4_o026_r0684,2,"[[3,2,1,4],[3,2,4,1]]"
True,True,True,5,True,True,True,True,True,n4_o027_r0685,1,"[[1,2,3,4]]"
True,True,True,5,True,True,True,True,True,n4_o027_r0686,1,"[[1,2,3,4]]"
True,True,True,6,True,True,True,True,True,n4_o027_r0687,1,"[[1,3,2,4]]"
True,True,True,7,True,True,True,True,True,n4_o027_r0688,1,"[[1,2,3,4]]"
True,True,True,6,True,True,True,True,True,n4_o027_r0689,1,"[[1,3,2,4]]"
True,True,True,7,True,True,True,True,True,n4_o027_r0690,1,"[[1,3,2,4]]"
True,True,True,6,True,True,True,True,True,n4_o027_r0691,1,"[[2,1,3,4]]"
True,True,True,6,True,True,True,True,True,n4_o027_r0692,1,"[[2,1,3,4]]"
True,True,True,8,True,True,True,True,True,n4_o027_r0693,2,"[[1,3,2,4],[3,1,2,4]]"
True,True,True,9,True,True,True,True,True,n4_o027_r0694,2,"[[1,2,3,4],[2,1,3,4]]"
True,True,True,8,True,True,True,True,True,n4_o027_r0695,2,"[[1,3,2,4],[3,1,2,4]]"
True,True,True,9,True,True,True,True,True,n4_o027_r0696,1,"[[1,3,2,4]]"
True,True,True,8,True,True,True,True,True,n4_o027_r0697,2,"[[2,1,3,4],[2,3,1,4]]"
True,True,True,8,True,True,True,True,True,n4_o027_r0698,1,"[[2,1,3,4]]"
True,True,True,9,True,True,True,True,True,n4_o027_r0699,5,"[[1,2,3,4],[2,1,3,4],[2,3,1,4],[3,1,2,4],[3,2,1,4]]"
True,True,True,9,True,True,True,True,True,n4_o027_r0700,2,"[[1,2,3,4],[2,1,3,4]]"
True,True,True,9,True,True,True,True,True,n4_o027_r0701,1,"[[3,1,2,4]]"
True,True,True,9,True,True,True,True,True,n4_o027_r0702,1,"[[3,1,2,4]]"
True,True,True,8,True,True,True,True,True,n4_o027_r0703,1,"[[2,3,1,4]]"
True,True,True,8,True,True,True,True,True,n4_o027_r0704,1,"[[2,3,1,4]]"
True,True,True,9,True,True,True,True,True,n4_o027_r0705,2,"[[2,3,1,4],[3,2,1,4]]"
True,True,True,9,True,True,True,True,True,n4_o027_r0706,1,"[[2,3,1,4]]"
True,True,True,9,True,True,True,True,True,n4_o027_r0707,1,"[[3,2,1,4]]"
True,True,True,9,True,True,True,True,True,n4_o027_r0708,1,"[[3,2,1,4]]"
True,True,True,4,True,True,True,True,True,n4_o028_r0709,1,"[[1,2,3,4]]"
True,True,True,5,True,True,True,True,True,n4_o028_r0710,2,"[[1,2,3,4],[1,2,4,3]]"
True,True,True,5,True,True,True,True,True,n4_o028_r0711,1,"[[1,3,2,4]]"
True,True,True,7,True,True,True,True,True,n4_o028_r0712,3,"[[1,2,3,4],[1,2,4,3],[1,4,2,3]]"
True,True,True,6,True,True,True,True,True,n4_o028_r0713,1,"[[1,3,2,4]]"
True,True,True,7,True,True,True,True,True,n4_o028_r0714,2,"[[1,3,2,4],[1,4,2,3]]"
True,True,True,5,True,True,True,True,True,n4_o028_r0715,1,"[[2,1,3,4]]"
True,True,True,6,True,True,True,True,True,n4_o028_r0716,2,"[[2,1,3,4],[2,1,4,3]]"
True,True,True,7,True,True,True,True,True,n4_o028_r0717,2,"[[1,3,2,4],[3,1,2,4]]"
True,True,True,9,True,True,True,True,True,n4_o028_r0718,5,"[[1,2,3,4],[1,2,4,3],[1,4,2,3],[2,1,3,4],[2,1,4,3]]"
True,True,True,8,True,True,True,True,True,n4_o028_r0719,2,"[[1,3,2,4],[3,1,2,4]]"
True,True,True,9,True,True,True,True,True,n4_o028_r0720,2,"[[1,3,2,4],[1,4,2,3]]"
True,True,True,7,True,True,True,True,True,n4_o028_r0721,2,"[[2,1,3,4],[2,3,1,4]]"
True,True,True,8,True,True,True,True,True,n4_o028_r0722,2,"[[2,1,3,4],[2,1,4,3]]"
True,True,True,8,True,True,True,True,True,n4_o028_r0723,5,"[[1,2,3,4],[2,1,3,4],[2,3,1,4],[3,1,2,4],[3,2,1,4]]"
True,True,True,9,True,True,True,True,True,n4_o028_r0724,4,"[[1,2,3,4],[1,2,4,3],[2,1,3,4],[2,1,4,3]]"
True,True,True,9,True,True,True,True,True,n4_o028_r0725,1,"[[3,1,2,4]]"
True,True,True,9,True,True,True,True,True,n4_o028_r0726,1,"[[3,1,2,4]]"
True,True,True,8,True,True,True,True,True,n4_o028_r0727,1,"[[2,3,1,4]]"
True,True,True,8,True,True,True,True,True,n4_o028_r0728,1,"[[2,3,1,4]]"
True,True,True,9,True,True,True,True,True,n4_o028_r0729,2,"[[2,3,1,4],[3,2,1,4]]"
True,True,True,9,True,True,True,True,True,n4_o028_r0730,1,"[[2,3,1,4]]"
True,True,True,9,True,True,True,True,True,n4_o028_r0731,1,"[[3,2,1,4]]"
True,True,True,9,True,True,True,True,True,n4_o028_r0732,1,"[[3,2,1,4]]"
True,True,True,3,True,True,True,True,True,n4_o029_r0733,1,"[[1,2,3,4]]"
True,True,True,4,True,True,True,True,True,n4_o029_r0734,1,"[[1,2,4,3]]"
True,True,True,4,True,True,True,True,True,n4_o029_r0735,1,"[[1,3,2,4]]"
True,True,True,6,True,True,True,True,True,n4_o029_r0736,2,"[[1,2,4,3],[1,4,2,3]]"
True,True,True,6,True,True,True,True,True,n4_o029_r0737,2,"[[1,3,2,4],[1,3,4,2]]"
True,True,True,7,True,True,True,True,True,n4_o029_r0738,4,"[[1,3,2,4],[1,3,4,2],[1,4,2,3],[1,4,3,2]]"
True,True,True,4,True,True,True,True,True,n4_o029_r0739,1,"[[2,1,3,4]]"
True,True,True,5,True,True,True,True,True,n4_o029_r0740,1,"[[2,1,4,3]]"
True,True,True,6,True,True,True,True,True,n4_o029_r0741,2,"[[1,3,2,4],[3,1,2,4]]"
True,True,True,8,True,True,True,True,True,n4_o029_r0742,3,"[[1,2,4,3],[1,4,2,3],[2,1,4,3]]"
True,True,True,8,True,True,True,True,True,n4_o029_r0743,4,"[[1,3,2,4],[1,3,4,2],[3,1,2,4],[3,1,4,2]]"
True,True,True,9,True,True,True,True,True,n4_o029_r0744,4,"[[1,3,2,4],[1,3,4,2],[1,4,2,3],[1,4,3,2]]"
True,True,True,6,True,True,True,True,True,n4_o029_r0745,2,"[[2,1,3,4],[2,3,1,4]]"
True,True,True,7,True,True,True,True,True,n4_o029_r0746,1,"[[2,1,4,3]]"
True,True,True,7,True,True,True,True,True,n4_o029_r0747,5,"[[1,2,3,4],[2,1,3,4],[2,3,1,4],[3,1,2,4],[3,2,1,4]]"
True,True,True,8,True,True,True,True,True,n4_o029_r0748,2,"[[1,2,4,3],[2,1,4,3]]"
True,True,True,9,True,True,True,True,True,n4_o029_r0749,2,"[[3,1,2,4],[3,1,4,2]]"
True,True,True,9,True,True,True,True,True,n4_o029_r0750,2,"[[3,1,2,4],[3,1,4,2]]"
True,True,True,8,True,True,True,True,True,n4_o029_r0751,1,"[[2,3,1,4]]"
True,True,True,8,True,True,True,True,True,n4_o029_r0752,1,"[[2,3,1,4]]"
True,True,True,9,True,True,True,True,True,n4_o029_r0753,2,"[[2,3,1,4],[3,2,1,4]]"
True,True,True,9,True,True,True,True,True,n4_o029_r0754,1,"[[2,3,1,4]]"
True,True,True,9,True,True,True,True,True,n4_o029_r0755,1,"[[3,2,1,4]]"
True,True,True,9,True,True,True,True,True,n4_o029_r0756,1,"[[3,2,1,4]]"
True,True,True,2,True,True,True,True,True,n4_o030_r0757,1,"[[1,2,3,4]]"
True,True,True,3,True,True,True,True,True,n4_o030_r0758,1,"[[1,2,4,3]]"
True,True,True,3,True,True,True,True,True,n4_o030_r0759,1,"[[1,3,2,4]]"
True,True,True,5,True,True,True,True,True,n4_o030_r0760,2,"[[1,2,4,3],[1,4,2,3]]"
True,True,True,5,True,True,True,True,True,n4_o030_r0761,1,"[[1,3,4,2]]"
True,True,True,6,True,True,True,True,True,n4_o030_r0762,2,"[[1,3,4,2],[1,4,3,2]]"
True,True,True,3,True,True,True,True,True,n4_o030_r0763,1,"[[2,1,3,4]]"
True,True,True,4,True,True,True,True,True,n4_o030_r0764,1,"[[2,1,4,3]]"
True,True,True,5,True,True,True,True,True,n4_o030_r0765,2,"[[1,3,2,4],[3,1,2,4]]"
True,True,True,7,True,True,True,True,True,n4_o030_r0766,3,"[[1,2,4,3],[1,4,2,3],[2,1,4,3]]"
True,True,True,7,True,True,True,True,True,n4_o030_r0767,2,"[[1,3,4,2],[3,1,4,2]]"
True,True,True,8,True,True,True,True,True,n4_o030_r0768,2,"[[1,3,4,2],[1,4,3,2]]"
True,True,True,5,True,True,True,True,True,n4_o030_r0769,2,"[[2,1,3,4],[2,3,1,4]]"
True,True,True,6,True,True,True,True,True,n4_o030_r0770,1,"[[2,1,4,3]]"
True,True,True,6,True,True,True,True,True,n4_o030_r0771,5,"[[1,2,3,4],[2,1,3,4],[2,3,1,4],[3,1,2,4],[3,2,1,4]]"
True,True,True,7,True,True,True,True,True,n4_o030_r0772,2,"[[1,2,4,3],[2,1,4,3]]"
True,True,True,8,True,True,True,True,True,n4_o030_r0773,1,"[[3,1,4,2]]"
True,True,True,8,True,True,True,True,True,n4_o030_r0774,1,"[[3,1,4,2]]"
True,True,True,8,True,True,True,True,True,n4_o030_r0775,2,"[[2,3,1,4],[2,3,4,1]]"
True,True,True,8,True,True,True,True,True,n4_o030_r0776,2,"[[2,3,1,4],[2,3,4,1]]"
True,True,True,9,True,True,True,True,True,n4_o030_r0777,4,"[[2,3,1,4],[2,3,4,1],[3,2,1,4],[3,2,4,1]]"
True,True,True,9,True,True,True,True,True,n4_o030_r0778,2,"[[2,3,1,4],[2,3,4,1]]"
True,True,True,9,True,True,True,True,True,n4_o030_r0779,2,"[[3,2,1,4],[3,2,4,1]]"
True,True,True,9,True,True,True,True,True,n4_o030_r0780,2,"[[3,2,1,4],[3,2,4,1]]"
True,True,True,3,True,True,True,True,True,n4_o031_r0781,1,"[[1,2,3,4]]"
True,True,True,4,True,True,True,True,True,n4_o031_r0782,2,"[[1,2,3,4],[1,2,4,3]]"
True,True,True,4,True,True,True,True,True,n4_o031_r0783,1,"[[1,3,2,4]]"
True,True,True,6,True,True,True,True,True,n4_o031_r0784,1,"[[1,4,2,3]]"
True,True,True,5,True,True,True,True,True,n4_o031_r0785,1,"[[1,3,2,4]]"
True,True,True,6,True,True,,,,n4_o031_r0786,1,"[[1,4,2,3]]"
True,True,True,4,True,True,True,True,True,n4_o031_r0787,1,"[[2,1,3,4]]"
True,True,True,5,True,True,True,True,True,n4_o031_r0788,2,"[[2,1,3,4],[2,1,4,3]]"
True,True,True,6,True,True,True,True,True,n4_o031_r0789,2,"[[1,3,2,4],[3,1,2,4]]"
True,True,True,8,True,True,True,True,True,n4_o031_r0790,1,"[[1,4,2,3]]"
True,True,True,7,True,True,True,True,True,n4_o031_r0791,2,"[[1,3,2,4],[3,1,2,4]]"
True,True,True,8,True,True,,,,n4_o031_r0792,1,"[[1,4,2,3]]"
True,True,True,6,True,True,True,True,True,n4_o031_r0793,1,"[[2,3,1,4]]"
True,True,True,8,True,True,True,True,True,n4_o031_r0794,4,"[[2,1,3,4],[2,1,4,3],[2,3,1,4],[2,4,1,3]]"
True,True,True,7,True,True,True,True,True,n4_o031_r0795,2,"[[2,3,1,4],[3,2,1,4]]"
True,True,True,9,True,True,True,True,True,n4_o031_r0796,6,"[[1,2,3,4],[1,2,4,3],[2,1,3,4],[2,1,4,3],[2,3,1,4],[2,4,1,3]]"
True,True,True,9,True,True,True,True,True,n4_o031_r0797,2,"[[3,1,2,4],[3,2,1,4]]"
True,True,True,9,True,True,True,True,True,n4_o031_r0798,2,"[[3,1,2,4],[3,2,1,4]]"
True,True,True,7,True,True,True,True,True,n4_o031_r0799,1,"[[2,3,1,4]]"
True,True,True,8,True,True,True,True,True,n4_o031_r0800,3,"[[2,1,3,4],[2,3,1,4],[2,4,1,3]]"
True,True,True,8,True,True,True,True,True,n4_o031_r0801,2,"[[2,3,1,4],[3,2,1,4]]"
True,True,True,9,True,True,True,True,True,n4_o031_r0802,4,"[[1,2,3,4],[2,1,3,4],[2,3,1,4],[2,4,1,3]]"
True,True,True,9,True,True,True,True,True,n4_o031_r0803,2,"[[3,1,2,4],[3,2,1,4]]"
True,True,True,9,True,True,True,True,True,n4_o031_r0804,2,"[[3,1,2,4],[3,2,1,4]]"
True,True,True,2,True,True,True,True,True,n4_o032_r0805,1,"[[1,2,3,4]]"
True,True,True,3,True,True,True,True,True,n4_o032_r0806,1,"[[1,2,4,3]]"
True,True,True,3,True,True,True,True,True,n4_o032_r0807,1,"[[1,3,2,4]]"
True,True,True,5,True,True,True,True,True,n4_o032_r0808,1,"[[1,4,2,3]]"
True,True,True,5,True,True,True,True,True,n4_o032_r0809,2,"[[1,3,2,4],[1,3,4,2]]"
True,True,True,6,True,True,True,True,True,n4_o032_r0810,2,"[[1,4,2,3],[1,4,3,2]]"
True,True,True,3,True,True,True,True,True,n4_o032_r0811,1,"[[2,1,3,4]]"
True,True,True,4,True,True,True,True,True,n4_o032_r0812,1,"[[2,1,4,3]]"
True,True,True,5,True,True,True,True,True,n4_o032_r0813,2,"[[1,3,2,4],[3,1,2,4]]"
True,True,True,7,True,True,True,True,True,n4_o032_r0814,1,"[[1,4,2,3]]"
True,True,True,7,True,True,True,True,True,n4_o032_r0815,4,"[[1,3,2,4],[1,3,4,2],[3,1,2,4],[3,1,4,2]]"
True,True,True,8,True,True,True,True,True,n4_o032_r0816,2,"[[1,4,2,3],[1,4,3,2]]"
True,True,True,5,True,True,True,True,True,n4_o032_r0817,1,"[[2,3,1,4]]"
True,True,True,7,True,True,True,True,True,n4_o032_r0818,2,"[[2,1,4,3],[2,4,1,3]]"
True,True,True,6,True,True,True,True,True,n4_o032_r0819,2,"[[2,3,1,4],[3,2,1,4]]"
True,True,True,8,True,True,True,True,True,n4_o032_r0820,3,"[[1,2,4,3],[2,1,4,3],[2,4,1,3]]"
True,True,True,9,True,True,True,True,True,n4_o032_r0821,3,"[[3,1,2,4],[3,1,4,2],[3,2,1,4]]"
True,True,True,9,True,True,True,True,True,n4_o032_r0822,3,"[[3,1,2,4],[3,1,4,2],[3,2,1,4]]"
True,True,True,7,True,True,True,True,True,n4_o032_r0823,1,"[[2,3,1,4]]"
True,True,True,8,True,True,True,True,True,n4_o032_r0824,3,"[[2,1,3,4],[2,3,1,4],[2,4,1,3]]"
True,True,True,8,True,True,True,True,True,n4_o032_r0825,2,"[[2,3,1,4],[3,2,1,4]]"
True,True,True,9,True,True,True,True,True,n4_o032_r0826,4,"[[1,2,3,4],[2,1,3,4],[2,3,1,4],[2,4,1,3]]"
True,True,True,9,True,True,True,True,True,n4_o032_r0827,2,"[[3,1,2,4],[3,2,1,4]]"
True,True,True,9,True,True,True,True,True,n4_o032_r0828,2,"[[3,1,2,4],[3,2,1,4]]"
True,True,True,1,True,True,True,True,True,n4_o033_r0829,1,"[[1,2,3,4]]"
True,True,True,2,True,True,True,True,True,n4_o033_r0830,1,"[[1,2,4,3]]"
True,True,True,2,True,True,True,True,True,n4_o033_r0831,1,"[[1,3,2,4]]"
True,True,True,4,True,True,True,True,True,n4_o033_r0832,1,"[[1,4,2,3]]"
True,True,True,4,True,True,True,True,True,n4_o033_r0833,1,"[[1,3,4,2]]"
True,True,True,5,True,True,True,True,True,n4_o033_r0834,1,"[[1,4,3,2]]"
True,True,True,2,True,True,True,True,True,n4_o033_r0835,1,"[[2,1,3,4]]"
True,True,True,3,True,True,True,True,True,n4_o033_r0836,1,"[[2,1,4,3]]"
True,True,True,4,True,True,True,True,True,n4_o033_r0837,2,"[[1,3,2,4],[3,1,2,4]]"
True,True,True,6,True,True,True,True,True,n4_o033_r0838,1,"[[1,4,2,3]]"
True,True,True,6,True,True,True,True,True,n4_o033_r0839,2,"[[1,3,4,2],[3,1,4,2]]"
True,True,True,7,True,True,True,True,True,n4_o033_r0840,1,"[[1,4,3,2]]"
True,True,True,4,True,True,True,True,True,n4_o033_r0841,1,"[[2,3,1,4]]"
True,True,True,6,True,True,True,True,True,n4_o033_r0842,2,"[[2,1,4,3],[2,4,1,3]]"
True,True,True,5,True,True,True,True,True,n4_o033_r0843,2,"[[2,3,1,4],[3,2,1,4]]"
True,True,True,7,True,True,True,True,True,n4_o033_r0844,3,"[[1,2,4,3],[2,1,4,3],[2,4,1,3]]"
True,True,True,8,True,True,True,True,True,n4_o033_r0845,1,"[[3,1,4,2]]"
True,True,True,8,True,True,True,True,True,n4_o033_r0846,1,"[[3,1,4,2]]"
True,True,True,7,True,True,True,True,True,n4_o033_r0847,2,"[[2,3,1,4],[2,3,4,1]]"
True,True,True,8,True,True,True,True,True,n4_o033_r0848,5,"[[2,1,3,4],[2,3,1,4],[2,3,4,1],[2,4,1,3],[2,4,3,1]]"
True,True,True,8,True,True,True,True,True,n4_o033_r0849,4,"[[2,3,1,4],[2,3,4,1],[3,2,1,4],[3,2,4,1]]"
True,True,True,9,True,True,True,True,True,n4_o033_r0850,6,"[[1,2,3,4],[2,1,3,4],[2,3,1,4],[2,3,4,1],[2,4,1,3],[2,4,3,1]]"
True,True,True,9,True,True,True,True,True,n4_o033_r0851,3,"[[3,1,2,4],[3,2,1,4],[3,2,4,1]]"
True,True,True,9,True,True,True,True,True,n4_o033_r0852,3,"[[3,1,2,4],[3,2,1,4],[3,2,4,1]]"
True,True,True,2,True,True,True,True,True,n4_o034_r0853,1,"[[1,2,3,4]]"
True,True,True,2,True,True,True,True,True,n4_o034_r0854,1,"[[1,2,4,3]]"
True,True,True,3,True,True,True,True,True,n4_o034_r0855,1,"[[1,3,2,4]]"
True,True,True,4,True,True,True,True,True,n4_o034_r0856,1,"[[1,4,2,3]]"
True,True,True,4,True,True,True,True,True,n4_o034_r0857,2,"[[1,3,2,4],[1,3,4,2]]"
True,True,True,5,True,True,True,True,True,n4_o034_r0858,2,"[[1,4,2,3],[1,4,3,2]]"
True,True,True,3,True,True,True,True,True,n4_o034_r0859,1,"[[2,1,3,4]]"
True,True,True,3,True,True,True,True,True,n4_o034_r0860,1,"[[2,1,4,3]]"
True,True,True,5,True,True,True,True,True,n4_o034_r0861,2,"[[1,3,2,4],[3,1,2,4]]"
True,True,True,6,True,True,True,True,True,n4_o034_r0862,1,"[[1,4,2,3]]"
True,True,True,6,True,True,True,True,True,n4_o034_r0863,4,"[[1,3,2,4],[1,3,4,2],[3,1,2,4],[3,1,4,2]]"
True,True,True,7,True,True,True,True,True,n4_o034_r0864,2,"[[1,4,2,3],[1,4,3,2]]"
True,True,True,5,True,True,True,True,True,n4_o034_r0865,1,"[[2,3,1,4]]"
True,True,True,6,True,True,True,True,True,n4_o034_r0866,1,"[[2,4,1,3]]"
True,True,True,6,True,True,True,True,True,n4_o034_r0867,2,"[[2,3,1,4],[3,2,1,4]]"
True,True,True,7,True,True,True,True,True,n4_o034_r0868,1,"[[2,4,1,3]]"
True,True,True,9,True,True,True,True,True,n4_o034_r0869,4,"[[3,1,2,4],[3,1,4,2],[3,2,1,4],[3,4,1,2]]"
True,True,True,9,True,True,True,True,True,n4_o034_r0870,4,"[[3,1,2,4],[3,1,4,2],[3,2,1,4],[3,4,1,2]]"
True,True,True,6,True,True,True,True,True,n4_o034_r0871,1,"[[2,3,1,4]]"
True,True,True,7,True,True,True,True,True,n4_o034_r0872,1,"[[2,4,1,3]]"
True,True,True,7,True,True,True,True,True,n4_o034_r0873,2,"[[2,3,1,4],[3,2,1,4]]"
True,True,True,8,True,True,True,True,True,n4_o034_r0874,1,"[[2,4,1,3]]"
True,True,True,9,True,True,True,True,True,n4_o034_r0875,3,"[[3,1,2,4],[3,2,1,4],[3,4,1,2]]"
True,True,True,9,True,True,True,True,True,n4_o034_r0876,3,"[[3,1,2,4],[3,2,1,4],[3,4,1,2]]"
True,True,True,1,True,True,True,True,True,n4_o035_r0877,1,"[[1,2,3,4]]"
True,True,True,1,True,True,True,True,True,n4_o035_r0878,1,"[[1,2,4,3]]"
True,True,True,2,True,True,True,True,True,n4_o035_r0879,1,"[[1,3,2,4]]"
True,True,True,3,True,True,True,True,True,n4_o035_r0880,1,"[[1,4,2,3]]"
True,True,True,3,True,True,True,True,True,n4_o035_r0881,1,"[[1,3,4,2]]"
True,True,True,4,True,True,True,True,True,n4_o035_r0882,1,"[[1,4,3,2]]"
True,True,True,2,True,True,True,True,True,n4_o035_r0883,1,"[[2,1,3,4]]"
True,True,True,2,True,True,True,True,True,n4_o035_r0884,1,"[[2,1,4,3]]"
True,True,True,4,True,True,True,True,True,n4_o035_r0885,2,"[[1,3,2,4],[3,1,2,4]]"
True,True,True,5,True,True,True,True,True,n4_o035_r0886,1,"[[1,4,2,3]]"
True,True,True,5,True,True,True,True,True,n4_o035_r0887,2,"[[1,3,4,2],[3,1,4,2]]"
True,True,True,6,True,True,True,True,True,n4_o035_r0888,1,"[[1,4,3,2]]"
True,True,True,4,True,True,True,True,True,n4_o035_r0889,1,"[[2,3,1,4]]"
True,True,True,5,True,True,True,True,True,n4_o035_r0890,1,"[[2,4,1,3]]"
True,True,True,5,True,True,True,True,True,n4_o035_r0891,2,"[[2,3,1,4],[3,2,1,4]]"
True,True,True,6,True,True,True,True,True,n4_o035_r0892,1,"[[2,4,1,3]]"
True,True,True,8,True,True,True,True,True,n4_o035_r0893,2,"[[3,1,4,2],[3,4,1,2]]"
True,True,True,8,True,True,True,True,True,n4_o035_r0894,2,"[[3,1,4,2],[3,4,1,2]]"
True,True,True,6,True,True,True,True,True,n4_o035_r0895,2,"[[2,3,1,4],[2,3,4,1]]"
True,True,True,7,True,True,True,True,True,n4_o035_r0896,2,"[[2,4,1,3],[2,4,3,1]]"
True,True,True,7,True,True,True,True,True,n4_o035_r0897,4,"[[2,3,1,4],[2,3,4,1],[3,2,1,4],[3,2,4,1]]"
True,True,True,8,True,True,True,True,True,n4_o035_r0898,2,"[[2,4,1,3],[2,4,3,1]]"
True,True,True,9,True,True,True,True,True,n4_o035_r0899,5,"[[3,1,2,4],[3,2,1,4],[3,2,4,1],[3,4,1,2],[3,4,2,1]]"
True,True,True,9,True,True,True,True,True,n4_o035_r0900,5,"[[3,1,2,4],[3,2,1,4],[3,2,4,1],[3,4,1,2],[3,4,2,1]]"
True,True,True,1,True,True,True,True,True,n4_o036_r0901,1,"[[1,2,3,4]]"
True,True,True,1,True,True,True,True,True,n4_o036_r0902,1,"[[1,2,4,3]]"
True,True,True,2,True,True,True,True,True,n4_o036_r0903,1,"[[1,3,2,4]]"
True,True,True,3,True,True,True,True,True,n4_o036_r0904,1,"[[1,4,2,3]]"
True,True,True,2,True,True,True,True,True,n4_o036_r0905,1,"[[1,3,4,2]]"
True,True,True,3,True,True,True,True,True,n4_o036_r0906,1,"[[1,4,3,2]]"
True,True,True,2,True,True,True,True,True,n4_o036_r0907,1,"[[2,1,3,4]]"
True,True,True,2,True,True,True,True,True,n4_o036_r0908,1,"[[2,1,4,3]]"
True,True,True,4,True,True,True,True,True,n4_o036_r0909,2,"[[1,3,2,4],[3,1,2,4]]"
True,True,True,5,True,True,True,True,True,n4_o036_r0910,1,"[[1,4,2,3]]"
True,True,True,4,True,True,True,True,True,n4_o036_r0911,2,"[[1,3,4,2],[3,1,4,2]]"
True,True,True,5,True,True,True,True,True,n4_o036_r0912,1,"[[1,4,3,2]]"
True,True,True,4,True,True,True,True,True,n4_o036_r0913,1,"[[2,3,1,4]]"
True,True,True,5,True,True,True,True,True,n4_o036_r0914,1,"[[2,4,1,3]]"
True,True,True,5,True,True,True,True,True,n4_o036_r0915,2,"[[2,3,1,4],[3,2,1,4]]"
True,True,True,6,True,True,True,True,True,n4_o036_r0916,1,"[[2,4,1,3]]"
True,True,True,7,True,True,True,True,True,n4_o036_r0917,1,"[[3,4,1,2]]"
True,True,True,7,True,True,True,True,True,n4_o036_r0918,1,"[[3,4,1,2]]"
True,True,True,5,True,True,True,True,True,n4_o036_r0919,2,"[[2,3,1,4],[2,3,4,1]]"
True,True,True,6,True,True,True,True,True,n4_o036_r0920,2,"[[2,4,1,3],[2,4,3,1]]"
True,True,True,6,True,True,True,True,True,n4_o036_r0921,4,"[[2,3,1,4],[2,3,4,1],[3,2,1,4],[3,2,4,1]]"
True,True,True,7,True,True,True,True,True,n4_o036_r0922,2,"[[2,4,1,3],[2,4,3,1]]"
True,True,True,8,True,True,True,True,True,n4_o036_r0923,2,"[[3,4,1,2],[3,4,2,1]]"
True,True,True,8,True,True,True,True,True,n4_o036_r0924,2,"[[3,4,1,2],[3,4,2,1]]"
True,True,True,5,True,True,True,True,True,n4_o037_r0925,1,"[[1,2,3,4]]"
True,True,True,5,True,True,True,True,True,n4_o037_r0926,1,"[[1,2,3,4]]"
True,True,True,5,True,True,True,True,True,n4_o037_r0927,1,"[[1,3,2,4]]"
True,True,True,6,True,True,True,True,True,n4_o037_r0928,1,"[[1,2,3,4]]"
True,True,True,5,True,True,True,True,True,n4_o037_r0929,1,"[[1,3,2,4]]"
True,True,True,6,True,True,True,True,True,n4_o037_r0930,1,"[[1,3,2,4]]"
True,True,True,6,True,True,True,True,True,n4_o037_r0931,1,"[[2,1,3,4]]"
True,True,True,6,True,True,True,True,True,n4_o037_r0932,1,"[[2,1,3,4]]"
True,True,True,7,True,True,True,True,True,n4_o037_r0933,1,"[[3,1,2,4]]"
True,True,True,9,True,True,True,True,True,n4_o037_r0934,2,"[[1,2,3,4],[2,1,3,4]]"
True,True,True,7,True,True,True,True,True,n4_o037_r0935,1,"[[3,1,2,4]]"
True,True,True,9,True,True,True,True,True,n4_o037_r0936,2,"[[1,3,2,4],[3,1,2,4]]"
True,True,True,7,True,True,True,True,True,n4_o037_r0937,2,"[[2,1,3,4],[2,3,1,4]]"
True,True,True,7,True,True,True,True,True,n4_o037_r0938,1,"[[2,1,3,4]]"
True,True,True,8,True,True,True,True,True,n4_o037_r0939,2,"[[3,1,2,4],[3,2,1,4]]"
True,True,True,9,True,True,True,True,True,n4_o037_r0940,2,"[[1,2,3,4],[2,1,3,4]]"
True,True,True,8,True,True,True,True,True,n4_o037_r0941,1,"[[3,1,2,4]]"
True,True,True,9,True,True,True,True,True,n4_o037_r0942,2,"[[1,3,2,4],[3,1,2,4]]"
True,True,True,7,True,True,True,True,True,n4_o037_r0943,1,"[[2,3,1,4]]"
True,True,True,7,True,True,True,True,True,n4_o037_r0944,1,"[[2,3,1,4]]"
True,True,True,8,True,True,True,True,True,n4_o037_r0945,1,"[[3,2,1,4]]"
True,True,True,9,True,True,True,True,True,n4_o037_r0946,1,"[[2,3,1,4]]"
True,True,True,8,True,True,True,True,True,n4_o037_r0947,1,"[[3,2,1,4]]"
True,True,True,9,True,True,True,True,True,n4_o037_r0948,1,"[[3,2,1,4]]"
True,True,True,4,True,True,True,True,True,n4_o038_r0949,1,"[[1,2,3,4]]"
True,True,True,5,True,True,True,True,True,n4_o038_r0950,2,"[[1,2,3,4],[1,2,4,3]]"
True,True,True,4,True,True,True,True,True,n4_o038_r0951,1,"[[1,3,2,4]]"
True,True,True,6,True,True,True,True,True,n4_o038_r0952,3,"[[1,2,3,4],[1,2,4,3],[1,4,2,3]]"
True,True,True,5,True,True,True,True,True,n4_o038_r0953,1,"[[1,3,2,4]]"
True,True,True,6,True,True,True,True,True,n4_o038_r0954,2,"[[1,3,2,4],[1,4,2,3]]"
True,True,True,5,True,True,True,True,True,n4_o038_r0955,1,"[[2,1,3,4]]"
True,True,True,6,True,True,True,True,True,n4_o038_r0956,2,"[[2,1,3,4],[2,1,4,3]]"
True,True,True,6,True,True,True,True,True,n4_o038_r0957,1,"[[3,1,2,4]]"
True,True,True,9,True,True,True,True,True,n4_o038_r0958,6,"[[1,2,3,4],[1,2,4,3],[1,4,2,3],[2,1,3,4],[2,1,4,3],[4,1,2,3]]"
True,True,True,7,True,True,True,True,True,n4_o038_r0959,1,"[[3,1,2,4]]"
True,True,True,9,True,True,True,True,True,n4_o038_r0960,4,"[[1,3,2,4],[1,4,2,3],[3,1,2,4],[4,1,2,3]]"
True,True,True,6,True,True,True,True,True,n4_o038_r0961,2,"[[2,1,3,4],[2,3,1,4]]"
True,True,True,7,True,True,True,True,True,n4_o038_r0962,2,"[[2,1,3,4],[2,1,4,3]]"
True,True,True,7,True,True,True,True,True,n4_o038_r0963,2,"[[3,1,2,4],[3,2,1,4]]"
True,True,True,9,True,True,True,True,True,n4_o038_r0964,5,"[[1,2,3,4],[1,2,4,3],[2,1,3,4],[2,1,4,3],[4,1,2,3]]"
True,True,True,8,True,True,True,True,True,n4_o038_r0965,1,"[[3,1,2,4]]"
True,True,True,9,True,True,True,True,True,n4_o038_r0966,3,"[[1,3,2,4],[3,1,2,4],[4,1,2,3]]"
True,True,True,7,True,True,True,True,True,n4_o038_r0967,1,"[[2,3,1,4]]"
True,True,True,7,True,True,True,True,True,n4_o038_r0968,1,"[[2,3,1,4]]"
True,True,True,8,True,True,True,True,True,n4_o038_r0969,1,"[[3,2,1,4]]"
True,True,True,9,True,True,True,True,True,n4_o038_r0970,1,"[[2,3,1,4]]"
True,True,True,8,True,True,True,True,True,n4_o038_r0971,1,"[[3,2,1,4]]"
True,True,True,9,True,True,True,True,True,n4_o038_r0972,1,"[[3,2,1,4]]"
True,True,True,3,True,True,True,True,True,n4_o039_r0973,1,"[[1,2,3,4]]"
True,True,True,4,True,True,True,True,True,n4_o039_r0974,1,"[[1,2,4,3]]"
True,True,True,3,True,True,True,True,True,n4_o039_r0975,1,"[[1,3,2,4]]"
True,True,True,5,True,True,True,True,True,n4_o039_r0976,2,"[[1,2,4,3],[1,4,2,3]]"
True,True,True,5,True,True,True,True,True,n4_o039_r0977,2,"[[1,3,2,4],[1,3,4,2]]"
True,True,True,6,True,True,True,True,True,n4_o039_r0978,4,"[[1,3,2,4],[1,3,4,2],[1,4,2,3],[1,4,3,2]]"
True,True,True,4,True,True,True,True,True,n4_o039_r0979,1,"[[2,1,3,4]]"
True,True,True,5,True,True,True,True,True,n4_o039_r0980,1,"[[2,1,4,3]]"
True,True,True,5,True,True,True,True,True,n4_o039_r0981,1,"[[3,1,2,4]]"
True,True,True,8,True,True,True,True,True,n4_o039_r0982,4,"[[1,2,4,3],[1,4,2,3],[2,1,4,3],[4,1,2,3]]"
True,True,True,7,True,True,True,True,True,n4_o039_r0983,2,"[[3,1,2,4],[3,1,4,2]]"
True,True,True,9,True,True,True,True,True,n4_o039_r0984,8,"[[1,3,2,4],[1,3,4,2],[1,4,2,3],[1,4,3,2],[3,1,2,4],[3,1,4,2],[4,1,2,3],[4,1,3,2]]"
True,True,True,5,True,True,True,True,True,n4_o039_r0985,2,"[[2,1,3,4],[2,3,1,4]]"
True,True,True,6,True,True,True,True,True,n4_o039_r0986,1,"[[2,1,4,3]]"
True,True,True,6,True,True,True,True,True,n4_o039_r0987,2,"[[3,1,2,4],[3,2,1,4]]"
True,True,True,8,True,True,True,True,True,n4_o039_r0988,3,"[[1,2,4,3],[2,1,4,3],[4,1,2,3]]"
True,True,True,8,True,True,True,True,True,n4_o039_r0989,2,"[[3,1,2,4],[3,1,4,2]]"
True,True,True,9,True,True,True,True,True,n4_o039_r0990,6,"[[1,3,2,4],[1,3,4,2],[3,1,2,4],[3,1,4,2],[4,1,2,3],[4,1,3,2]]"
True,True,True,7,True,True,True,True,True,n4_o039_r0991,1,"[[2,3,1,4]]"
True,True,True,7,True,True,True,True,True,n4_o039_r0992,1,"[[2,3,1,4]]"
True,True,True,8,True,True,True,True,True,n4_o039_r0993,1,"[[3,2,1,4]]"
True,True,True,9,True,True,True,True,True,n4_o039_r0994,1,"[[2,3,1,4]]"
True,True,True,8,True,True,True,True,True,n4_o039_r0995,1,"[[3,2,1,4]]"
True,True,True,9,True,True,True,True,True,n4_o039_r0996,1,"[[3,2,1,4]]"
True,True,True,2,True,True,True,True,True,n4_o040_r0997,1,"[[1,2,3,4]]"
True,True,True,3,True,True,True,True,True,n4_o040_r0998,1,"[[1,2,4,3]]"
True,True,True,2,True,True,True,True,True,n4_o040_r0999,1,"[[1,3,2,4]]"
True,True,True,4,True,True,True,True,True,n4_o040_r1000,2,"[[1,2,4,3],[1,4,2,3]]"
True,True,True,4,True,True,True,True,True,n4_o040_r1001,1,"[[1,3,4,2]]"
True,True,True,5,True,True,True,True,True,n4_o040_r1002,2,"[[1,3,4,2],[1,4,3,2]]"
True,True,True,3,True,True,True,True,True,n4_o040_r1003,1,"[[2,1,3,4]]"
True,True,True,4,True,True,True,True,True,n4_o040_r1004,1,"[[2,1,4,3]]"
True,True,True,4,True,True,True,True,True,n4_o040_r1005,1,"[[3,1,2,4]]"
True,True,True,7,True,True,True,True,True,n4_o040_r1006,4,"[[1,2,4,3],[1,4,2,3],[2,1,4,3],[4,1,2,3]]"
True,True,True,6,True,True,True,True,True,n4_o040_r1007,1,"[[3,1,4,2]]"
True,True,True,8,True,True,True,True,True,n4_o040_r1008,4,"[[1,3,4,2],[1,4,3,2],[3,1,4,2],[4,1,3,2]]"
True,True,True,4,True,True,True,True,True,n4_o040_r1009,2,"[[2,1,3,4],[2,3,1,4]]"
True,True,True,5,True,True,True,True,True,n4_o040_r1010,1,"[[2,1,4,3]]"
True,True,True,5,True,True,True,True,True,n4_o040_r1011,2,"[[3,1,2,4],[3,2,1,4]]"
True,True,True,7,True,True,True,True,True,n4_o040_r1012,3,"[[1,2,4,3],[2,1,4,3],[4,1,2,3]]"
True,True,True,7,True,True,True,True,True,n4_o040_r1013,1,"[[3,1,4,2]]"
True,True,True,8,True,True,True,True,True,n4_o040_r1014,3,"[[1,3,4,2],[3,1,4,2],[4,1,3,2]]"
True,True,True,7,True,True,True,True,True,n4_o040_r1015,2,"[[2,3,1,4],[2,3,4,1]]"
True,True,True,7,True,True,True,True,True,n4_o040_r1016,2,"[[2,3,1,4],[2,3,4,1]]"
True,True,True,8,True,True,True,True,True,n4_o040_r1017,2,"[[3,2,1,4],[3,2,4,1]]"
True,True,True,9,True,True,True,True,True,n4_o040_r1018,2,"[[2,3,1,4],[2,3,4,1]]"
True,True,True,8,True,True,True,True,True,n4_o040_r1019,2,"[[3,2,1,4],[3,2,4,1]]"
True,True,True,9,True,True,True,True,True,n4_o040_r1020,2,"[[3,2,1,4],[3,2,4,1]]"
True,True,True,3,True,True,True,True,True,n4_o041_r1021,1,"[[1,2,3,4]]"
True,True,True,4,True,True,True,True,True,n4_o041_r1022,2,"[[1,2,3,4],[1,2,4,3]]"
True,True,True,3,True,True,True,True,True,n4_o041_r1023,1,"[[1,3,2,4]]"
True,True,True,5,True,True,True,True,True,n4_o041_r1024,1,"[[1,4,2,3]]"
True,True,True,4,True,True,True,True,True,n4_o041_r1025,1,"[[1,3,2,4]]"
True,True,True,5,True,True,,,,n4_o041_r1026,1,"[[1,4,2,3]]"
True,True,True,4,True,True,True,True,True,n4_o041_r1027,1,"[[2,1,3,4]]"
True,True,True,5,True,True,True,True,True,n4_o041_r1028,2,"[[2,1,3,4],[2,1,4,3]]"
True,True,True,5,True,True,True,True,True,n4_o041_r1029,1,"[[3,1,2,4]]"
True,True,True,8,True,True,True,True,True,n4_o041_r1030,2,"[[1,4,2,3],[4,1,2,3]]"
True,True,True,6,True,True,True,True,True,n4_o041_r1031,1,"[[3,1,2,4]]"
True,True,True,8,True,True,,,,n4_o041_r1032,2,"[[1,4,2,3],[4,1,2,3]]"
True,True,True,5,True,True,True,True,True,n4_o041_r1033,1,"[[2,3,1,4]]"
True,True,True,7,True,True,True,True,True,n4_o041_r1034,4,"[[2,1,3,4],[2,1,4,3],[2,3,1,4],[2,4,1,3]]"
True,True,True,6,True,True,True,True,True,n4_o041_r1035,1,"[[3,2,1,4]]"
True,True,True,9,True,True,True,True,True,n4_o041_r1036,8,"[[1,2,3,4],[1,2,4,3],[2,1,3,4],[2,1,4,3],[2,3,1,4],[2,4,1,3],[4,1,2,3],[4,2,1,3]]"
True,True,True,8,True,True,True,True,True,n4_o041_r1037,2,"[[3,1,2,4],[3,2,1,4]]"
True,True,True,9,True,True,True,True,True,n4_o041_r1038,4,"[[1,3,2,4],[3,1,2,4],[3,2,1,4],[4,1,2,3]]"
True,True,True,6,True,True,True,True,True,n4_o041_r1039,1,"[[2,3,1,4]]"
True,True,True,7,True,True,True,True,True,n4_o041_r1040,3,"[[2,1,3,4],[2,3,1,4],[2,4,1,3]]"
True,True,True,7,True,True,True,True,True,n4_o041_r1041,1,"[[3,2,1,4]]"
True,True,True,9,True,True,True,True,True,n4_o041_r1042,5,"[[1,2,3,4],[2,1,3,4],[2,3,1,4],[2,4,1,3],[4,2,1,3]]"
True,True,True,8,True,True,True,True,True,n4_o041_r1043,2,"[[3,1,2,4],[3,2,1,4]]"
True,True,True,9,True,True,True,True,True,n4_o041_r1044,4,"[[1,3,2,4],[3,1,2,4],[3,2,1,4],[4,2,1,3]]"
True,True,True,2,True,True,True,True,True,n4_o042_r1045,1,"[[1,2,3,4]]"
True,True,True,3,True,True,True,True,True,n4_o042_r1046,1,"[[1,2,4,3]]"
True,True,True,2,True,True,True,True,True,n4_o042_r1047,1,"[[1,3,2,4]]"
True,True,True,4,True,True,True,True,True,n4_o042_r1048,1,"[[1,4,2,3]]"
True,True,True,4,True,True,True,True,True,n4_o042_r1049,2,"[[1,3,2,4],[1,3,4,2]]"
True,True,True,5,True,True,True,True,True,n4_o042_r1050,2,"[[1,4,2,3],[1,4,3,2]]"
True,True,True,3,True,True,True,True,True,n4_o042_r1051,1,"[[2,1,3,4]]"
True,True,True,4,True,True,True,True,True,n4_o042_r1052,1,"[[2,1,4,3]]"
True,True,True,4,True,True,True,True,True,n4_o042_r1053,1,"[[3,1,2,4]]"
True,True,True,7,True,True,True,True,True,n4_o042_r1054,2,"[[1,4,2,3],[4,1,2,3]]"
True,True,True,6,True,True,True,True,True,n4_o042_r1055,2,"[[3,1,2,4],[3,1,4,2]]"
True,True,True,8,True,True,True,True,True,n4_o042_r1056,4,"[[1,4,2,3],[1,4,3,2],[4,1,2,3],[4,1,3,2]]"
True,True,True,4,True,True,True,True,True,n4_o042_r1057,1,"[[2,3,1,4]]"
True,True,True,6,True,True,True,True,True,n4_o042_r1058,2,"[[2,1,4,3],[2,4,1,3]]"
True,True,True,5,True,True,True,True,True,n4_o042_r1059,1,"[[3,2,1,4]]"
True,True,True,8,True,True,True,True,True,n4_o042_r1060,5,"[[1,2,4,3],[2,1,4,3],[2,4,1,3],[4,1,2,3],[4,2,1,3]]"
True,True,True,8,True,True,True,True,True,n4_o042_r1061,3,"[[3,1,2,4],[3,1,4,2],[3,2,1,4]]"
True,True,True,9,True,True,True,True,True,n4_o042_r1062,7,"[[1,3,2,4],[1,3,4,2],[3,1,2,4],[3,1,4,2],[3,2,1,4],[4,1,2,3],[4,1,3,2]]"
True,True,True,6,True,True,True,True,True,n4_o042_r1063,1,"[[2,3,1,4]]"
True,True,True,7,True,True,True,True,True,n4_o042_r1064,3,"[[2,1,3,4],[2,3,1,4],[2,4,1,3]]"
True,True,True,7,True,True,True,True,True,n4_o042_r1065,1,"[[3,2,1,4]]"
True,True,True,9,True,True,True,True,True,n4_o042_r1066,5,"[[1,2,3,4],[2,1,3,4],[2,3,1,4],[2,4,1,3],[4,2,1,3]]"
True,True,True,8,True,True,True,True,True,n4_o042_r1067,2,"[[3,1,2,4],[3,2,1,4]]"
True,True,True,9,True,True,True,True,True,n4_o042_r1068,4,"[[1,3,2,4],[3,1,2,4],[3,2,1,4],[4,2,1,3]]"
True,True,True,1,True,True,True,True,True,n4_o043_r1069,1,"[[1,2,3,4]]"
True,True,True,2,True,True,True,True,True,n4_o043_r1070,1,"[[1,2,4,3]]"
True,True,True,1,True,True,True,True,True,n4_o043_r1071,1,"[[1,3,2,4]]"
True,True,True,3,True,True,True,True,True,n4_o043_r1072,1,"[[1,4,2,3]]"
True,True,True,3,True,True,True,True,True,n4_o043_r1073,1,"[[1,3,4,2]]"
True,True,True,4,True,True,True,True,True,n4_o043_r1074,1,"[[1,4,3,2]]"
True,True,True,2,True,True,True,True,True,n4_o043_r1075,1,"[[2,1,3,4]]"
True,True,True,3,True,True,True,True,True,n4_o043_r1076,1,"[[2,1,4,3]]"
True,True,True,3,True,True,True,True,True,n4_o043_r1077,1,"[[3,1,2,4]]"
True,True,True,6,True,True,True,True,True,n4_o043_r1078,2,"[[1,4,2,3],[4,1,2,3]]"
True,True,True,5,True,True,True,True,True,n4_o043_r1079,1,"[[3,1,4,2]]"
True,True,True,7,True,True,True,True,True,n4_o043_r1080,2,"[[1,4,3,2],[4,1,3,2]]"
True,True,True,3,True,True,True,True,True,n4_o043_r1081,1,"[[2,3,1,4]]"
True,True,True,5,True,True,True,True,True,n4_o043_r1082,2,"[[2,1,4,3],[2,4,1,3]]"
True,True,True,4,True,True,True,True,True,n4_o043_r1083,1,"[[3,2,1,4]]"
True,True,True,7,True,True,True,True,True,n4_o043_r1084,5,"[[1,2,4,3],[2,1,4,3],[2,4,1,3],[4,1,2,3],[4,2,1,3]]"
True,True,True,7,True,True,True,True,True,n4_o043_r1085,1,"[[3,1,4,2]]"
True,True,True,8,True,True,True,True,True,n4_o043_r1086,3,"[[1,3,4,2],[3,1,4,2],[4,1,3,2]]"
True,True,True,6,True,True,True,True,True,n4_o043_r1087,2,"[[2,3,1,4],[2,3,4,1]]"
True,True,True,7,True,True,True,True,True,n4_o043_r1088,5,"[[2,1,3,4],[2,3,1,4],[2,3,4,1],[2,4,1,3],[2,4,3,1]]"
True,True,True,7,True,True,True,True,True,n4_o043_r1089,2,"[[3,2,1,4],[3,2,4,1]]"
True,True,True,9,True,True,True,True,True,n4_o043_r1090,8,"[[1,2,3,4],[2,1,3,4],[2,3,1,4],[2,3,4,1],[2,4,1,3],[2,4,3,1],[4,2,1,3],[4,2,3,1]]"
True,True,True,8,True,True,True,True,True,n4_o043_r1091,3,"[[3,1,2,4],[3,2,1,4],[3,2,4,1]]"
True,True,True,9,True,True,True,True,True,n4_o043_r1092,6,"[[1,3,2,4],[3,1,2,4],[3,2,1,4],[3,2,4,1],[4,2,1,3],[4,2,3,1]]"
True,True,True,2,True,True,True,True,True,n4_o044_r1093,1,"[[1,2,3,4]]"
True,True,True,2,True,True,True,True,True,n4_o044_r1094,1,"[[1,2,4,3]]"
True,True,True,2,True,True,True,True,True,n4_o044_r1095,1,"[[1,3,2,4]]"
True,True,True,3,True,True,True,True,True,n4_o044_r1096,1,"[[1,4,2,3]]"
True,True,True,3,True,True,True,True,True,n4_o044_r1097,2,"[[1,3,2,4],[1,3,4,2]]"
True,True,True,4,True,True,True,True,True,n4_o044_r1098,2,"[[1,4,2,3],[1,4,3,2]]"
True,True,True,3,True,True,True,True,True,n4_o044_r1099,1,"[[2,1,3,4]]"
True,True,True,3,True,True,True,True,True,n4_o044_r1100,1,"[[2,1,4,3]]"
True,True,True,4,True,True,True,True,True,n4_o044_r1101,1,"[[3,1,2,4]]"
True,True,True,6,True,True,True,True,True,n4_o044_r1102,2,"[[1,4,2,3],[4,1,2,3]]"
True,True,True,5,True,True,True,True,True,n4_o044_r1103,2,"[[3,1,2,4],[3,1,4,2]]"
True,True,True,7,True,True,True,True,True,n4_o044_r1104,4,"[[1,4,2,3],[1,4,3,2],[4,1,2,3],[4,1,3,2]]"
True,True,True,4,True,True,True,True,True,n4_o044_r1105,1,"[[2,3,1,4]]"
True,True,True,5,True,True,True,True,True,n4_o044_r1106,1,"[[2,4,1,3]]"
True,True,True,5,True,True,True,True,True,n4_o044_r1107,1,"[[3,2,1,4]]"
True,True,True,7,True,True,True,True,True,n4_o044_r1108,2,"[[2,4,1,3],[4,2,1,3]]"
True,True,True,8,True,True,True,True,True,n4_o044_r1109,4,"[[3,1,2,4],[3,1,4,2],[3,2,1,4],[3,4,1,2]]"
True,True,True,9,True,True,True,True,True,n4_o044_r1110,10,"[[1,3,2,4],[1,3,4,2],[3,1,2,4],[3,1,4,2],[3,2,1,4],[3,4,1,2],[4,1,2,3],[4,1,3,2],[4,2,1,3],[4,3,1,2]]"
True,True,True,5,True,True,True,True,True,n4_o044_r1111,1,"[[2,3,1,4]]"
True,True,True,6,True,True,True,True,True,n4_o044_r1112,1,"[[2,4,1,3]]"
True,True,True,6,True,True,True,True,True,n4_o044_r1113,1,"[[3,2,1,4]]"
True,True,True,8,True,True,True,True,True,n4_o044_r1114,2,"[[2,4,1,3],[4,2,1,3]]"
True,True,True,8,True,True,True,True,True,n4_o044_r1115,3,"[[3,1,2,4],[3,2,1,4],[3,4,1,2]]"
True,True,True,9,True,True,True,True,True,n4_o044_r1116,7,"[[1,3,2,4],[3,1,2,4],[3,2,1,4],[3,4,1,2],[4,1,2,3],[4,2,1,3],[4,3,1,2]]"
True,True,True,1,True,True,True,True,True,n4_o045_r1117,1,"[[1,2,3,4]]"
True,True,True,1,True,True,True,True,True,n4_o045_r1118,1,"[[1,2,4,3]]"
True,True,True,1,True,True,True,True,True,n4_o045_r1119,1,"[[1,3,2,4]]"
True,True,True,2,True,True,True,True,True,n4_o045_r1120,1,"[[1,4,2,3]]"
True,True,True,2,True,True,True,True,True,n4_o045_r1121,1,"[[1,3,4,2]]"
True,True,True,3,True,True,True,True,True,n4_o045_r1122,1,"[[1,4,3,2]]"
True,True,True,2,True,True,True,True,True,n4_o045_r1123,1,"[[2,1,3,4]]"
True,True,True,2,True,True,True,True,True,n4_o045_r1124,1,"[[2,1,4,3]]"
True,True,True,3,True,True,True,True,True,n4_o045_r1125,1,"[[3,1,2,4]]"
True,True,True,5,True,True,True,True,True,n4_o045_r1126,2,"[[1,4,2,3],[4,1,2,3]]"
True,True,True,4,True,True,True,True,True,n4_o045_r1127,1,"[[3,1,4,2]]"
True,True,True,6,True,True,True,True,True,n4_o045_r1128,2,"[[1,4,3,2],[4,1,3,2]]"
True,True,True,3,True,True,True,True,True,n4_o045_r1129,1,"[[2,3,1,4]]"
True,True,True,4,True,True,True,True,True,n4_o045_r1130,1,"[[2,4,1,3]]"
True,True,True,4,True,True,True,True,True,n4_o045_r1131,1,"[[3,2,1,4]]"
True,True,True,6,True,True,True,True,True,n4_o045_r1132,2,"[[2,4,1,3],[4,2,1,3]]"
True,True,True,7,True,True,True,True,True,n4_o045_r1133,2,"[[3,1,4,2],[3,4,1,2]]"
True,True,True,8,True,True,True,True,True,n4_o045_r1134,5,"[[1,3,4,2],[3,1,4,2],[3,4,1,2],[4,1,3,2],[4,3,1,2]]"
True,True,True,5,True,True,True,True,True,n4_o045_r1135,2,"[[2,3,1,4],[2,3,4,1]]"
True,True,True,6,True,True,True,True,True,n4_o045_r1136,2,"[[2,4,1,3],[2,4,3,1]]"
True,True,True,6,True,True,True,True,True,n4_o045_r1137,2,"[[3,2,1,4],[3,2,4,1]]"
True,True,True,8,True,True,True,True,True,n4_o045_r1138,4,"[[2,4,1,3],[2,4,3,1],[4,2,1,3],[4,2,3,1]]"
True,True,True,8,True,True,True,True,True,n4_o045_r1139,5,"[[3,1,2,4],[3,2,1,4],[3,2,4,1],[3,4,1,2],[3,4,2,1]]"
True,True,True,9,True,True,True,True,True,n4_o045_r1140,11,"[[1,3,2,4],[3,1,2,4],[3,2,1,4],[3,2,4,1],[3,4,1,2],[3,4,2,1],[4,1,2,3],[4,2,1,3],[4,2,3,1],[4,3,1,2],[4,3,2,1]]"
True,True,True,1,True,True,True,True,True,n4_o046_r1141,1,"[[1,2,3,4]]"
True,True,True,1,True,True,True,True,True,n4_o046_r1142,1,"[[1,2,4,3]]"
True,True,True,1,True,True,True,True,True,n4_o046_r1143,1,"[[1,3,2,4]]"
True,True,True,2,True,True,True,True,True,n4_o046_r1144,1,"[[1,4,2,3]]"
True,True,True,1,True,True,True,True,True,n4_o046_r1145,1,"[[1,3,4,2]]"
True,True,True,2,True,True,True,True,True,n4_o046_r1146,1,"[[1,4,3,2]]"
True,True,True,2,True,True,True,True,True,n4_o046_r1147,1,"[[2,1,3,4]]"
True,True,True,2,True,True,True,True,True,n4_o046_r1148,1,"[[2,1,4,3]]"
True,True,True,3,True,True,True,True,True,n4_o046_r1149,1,"[[3,1,2,4]]"
True,True,True,5,True,True,True,True,True,n4_o046_r1150,2,"[[1,4,2,3],[4,1,2,3]]"
True,True,True,3,True,True,True,True,True,n4_o046_r1151,1,"[[3,1,4,2]]"
True,True,True,5,True,True,True,True,True,n4_o046_r1152,2,"[[1,4,3,2],[4,1,3,2]]"
True,True,True,3,True,True,True,True,True,n4_o046_r1153,1,"[[2,3,1,4]]"
True,True,True,4,True,True,True,True,True,n4_o046_r1154,1,"[[2,4,1,3]]"
True,True,True,4,True,True,True,True,True,n4_o046_r1155,1,"[[3,2,1,4]]"
True,True,True,6,True,True,True,True,True,n4_o046_r1156,2,"[[2,4,1,3],[4,2,1,3]]"
True,True,True,6,True,True,True,True,True,n4_o046_r1157,1,"[[3,4,1,2]]"
True,True,True,7,True,True,True,True,True,n4_o046_r1158,2,"[[3,4,1,2],[4,3,1,2]]"
True,True,True,4,True,True,True,True,True,n4_o046_r1159,2,"[[2,3,1,4],[2,3,4,1]]"
True,True,True,5,True,True,True,True,True,n4_o046_r1160,2,"[[2,4,1,3],[2,4,3,1]]"
True,True,True,5,True,True,True,True,True,n4_o046_r1161,2,"[[3,2,1,4],[3,2,4,1]]"
True,True,True,7,True,True,True,True,True,n4_o046_r1162,4,"[[2,4,1,3],[2,4,3,1],[4,2,1,3],[4,2,3,1]]"
True,True,True,7,True,True,True,True,True,n4_o046_r1163,2,"[[3,4,1,2],[3,4,2,1]]"
True,True,True,8,True,True,True,True,True,n4_o046_r1164,4,"[[3,4,1,2],[3,4,2,1],[4,3,1,2],[4,3,2,1]]"
True,True,True,3,True,True,True,True,True,n4_o047_r1165,1,"[[1,2,3,4]]"
True,True,True,4,True,True,True,True,True,n4_o047_r1166,2,"[[1,2,3,4],[1,2,4,3]]"
True,True,True,3,True,True,True,True,True,n4_o047_r1167,1,"[[1,3,2,4]]"
True,True,True,4,True,True,True,True,True,n4_o047_r1168,1,"[[1,4,2,3]]"
True,True,True,4,True,True,True,True,True,n4_o047_r1169,1,"[[1,3,2,4]]"
True,True,True,4,True,True,,,,n4_o047_r1170,1,"[[1,4,2,3]]"
True,True,True,4,True,True,True,True,True,n4_o047_r1171,1,"[[2,1,3,4]]"
True,True,True,5,True,True,True,True,True,n4_o047_r1172,2,"[[2,1,3,4],[2,1,4,3]]"
True,True,True,5,True,True,True,True,True,n4_o047_r1173,1,"[[3,1,2,4]]"
True,True,True,7,True,True,True,True,True,n4_o047_r1174,1,"[[4,1,2,3]]"
True,True,True,6,True,True,True,True,True,n4_o047_r1175,1,"[[3,1,2,4]]"
True,True,True,7,True,,,,,n4_o047_r1176,1,"[[4,1,2,3]]"
True,True,True,4,True,True,True,True,True,n4_o047_r1177,1,"[[2,3,1,4]]"
True,True,True,6,True,True,True,True,True,n4_o047_r1178,4,"[[2,1,3,4],[2,1,4,3],[2,3,1,4],[2,4,1,3]]"
True,True,True,5,True,True,True,True,True,n4_o047_r1179,1,"[[3,2,1,4]]"
True,True,True,8,True,True,True,True,True,n4_o047_r1180,2,"[[4,1,2,3],[4,2,1,3]]"
True,True,True,7,True,True,True,True,True,n4_o047_r1181,2,"[[3,1,2,4],[3,2,1,4]]"
True,True,True,8,True,,,,,n4_o047_r1182,1,"[[4,1,2,3]]"
True,True,True,5,True,True,True,True,True,n4_o047_r1183,1,"[[2,3,1,4]]"
True,True,True,6,True,True,True,True,True,n4_o047_r1184,3,"[[2,1,3,4],[2,3,1,4],[2,4,1,3]]"
True,True,True,6,True,True,True,True,True,n4_o047_r1185,1,"[[3,2,1,4]]"
True,True,True,8,True,,,,,n4_o047_r1186,1,"[[4,2,1,3]]"
True,True,True,7,True,True,True,True,True,n4_o047_r1187,2,"[[3,1,2,4],[3,2,1,4]]"
True,True,True,8,True,,,,,n4_o047_r1188,1,"[[4,2,1,3]]"
True,True,True,2,True,True,True,True,True,n4_o048_r1189,1,"[[1,2,3,4]]"
True,True,True,3,True,True,True,True,True,n4_o048_r1190,1,"[[1,2,4,3]]"
True,True,True,2,True,True,True,True,True,n4_o048_r1191,1,"[[1,3,2,4]]"
True,True,True,3,True,True,True,True,True,n4_o048_r1192,1,"[[1,4,2,3]]"
True,True,True,4,True,True,True,True,True,n4_o048_r1193,2,"[[1,3,2,4],[1,3,4,2]]"
True,True,True,4,True,True,True,True,True,n4_o048_r1194,2,"[[1,4,2,3],[1,4,3,2]]"
True,True,True,3,True,True,True,True,True,n4_o048_r1195,1,"[[2,1,3,4]]"
True,True,True,4,True,True,True,True,True,n4_o048_r1196,1,"[[2,1,4,3]]"
True,True,True,4,True,True,True,True,True,n4_o048_r1197,1,"[[3,1,2,4]]"
True,True,True,6,True,True,True,True,True,n4_o048_r1198,1,"[[4,1,2,3]]"
True,True,True,6,True,True,True,True,True,n4_o048_r1199,2,"[[3,1,2,4],[3,1,4,2]]"
True,True,True,7,True,,True,True,,n4_o048_r1200,2,"[[4,1,2,3],[4,1,3,2]]"
True,True,True,3,True,True,True,True,True,n4_o048_r1201,1,"[[2,3,1,4]]"
True,True,True,5,True,True,True,True,True,n4_o048_r1202,2,"[[2,1,4,3],[2,4,1,3]]"
True,True,True,4,True,True,True,True,True,n4_o048_r1203,1,"[[3,2,1,4]]"
True,True,True,7,True,True,True,True,True,n4_o048_r1204,2,"[[4,1,2,3],[4,2,1,3]]"
True,True,True,7,True,True,True,True,True,n4_o048_r1205,3,"[[3,1,2,4],[3,1,4,2],[3,2,1,4]]"
True,True,True,8,True,,True,,,n4_o048_r1206,2,"[[4,1,2,3],[4,1,3,2]]"
True,True,True,5,True,True,True,True,True,n4_o048_r1207,1,"[[2,3,1,4]]"
True,True,True,6,True,True,True,True,True,n4_o048_r1208,3,"[[2,1,3,4],[2,3,1,4],[2,4,1,3]]"
True,True,True,6,True,True,True,True,True,n4_o048_r1209,1,"[[3,2,1,4]]"
True,True,True,8,True,,,,,n4_o048_r1210,1,"[[4,2,1,3]]"
True,True,True,7,True,True,True,True,True,n4_o048_r1211,2,"[[3,1,2,4],[3,2,1,4]]"
True,True,True,8,True,,,,,n4_o048_r1212,1,"[[4,2,1,3]]"
True,True,True,1,True,True,True,True,True,n4_o049_r1213,1,"[[1,2,3,4]]"
True,True,True,2,True,True,True,True,True,n4_o049_r1214,1,"[[1,2,4,3]]"
True,True,True,1,True,True,True,True,True,n4_o049_r1215,1,"[[1,3,2,4]]"
True,True,True,2,True,True,True,True,True,n4_o049_r1216,1,"[[1,4,2,3]]"
True,True,True,3,True,True,True,True,True,n4_o049_r1217,1,"[[1,3,4,2]]"
True,True,True,3,True,True,True,True,True,n4_o049_r1218,1,"[[1,4,3,2]]"
True,True,True,2,True,True,True,True,True,n4_o049_r1219,1,"[[2,1,3,4]]"
True,True,True,3,True,True,True,True,True,n4_o049_r1220,1,"[[2,1,4,3]]"
True,True,True,3,True,True,True,True,True,n4_o049_r1221,1,"[[3,1,2,4]]"
True,True,True,5,True,True,True,True,True,n4_o049_r1222,1,"[[4,1,2,3]]"
True,True,True,5,True,True,True,True,True,n4_o049_r1223,1,"[[3,1,4,2]]"
True,True,True,6,True,,True,True,,n4_o049_r1224,1,"[[4,1,3,2]]"
True,True,True,2,True,True,True,True,True,n4_o049_r1225,1,"[[2,3,1,4]]"
True,True,True,4,True,True,True,True,True,n4_o049_r1226,2,"[[2,1,4,3],[2,4,1,3]]"
True,True,True,3,True,True,True,True,True,n4_o049_r1227,1,"[[3,2,1,4]]"
True,True,True,6,True,True,True,True,True,n4_o049_r1228,2,"[[4,1,2,3],[4,2,1,3]]"
True,True,True,6,True,True,True,True,True,n4_o049_r1229,1,"[[3,1,4,2]]"
True,True,True,7,True,,True,,,n4_o049_r1230,1,"[[4,1,3,2]]"
True,True,True,5,True,True,True,True,True,n4_o049_r1231,2,"[[2,3,1,4],[2,3,4,1]]"
True,True,True,6,True,True,True,True,True,n4_o049_r1232,5,"[[2,1,3,4],[2,3,1,4],[2,3,4,1],[2,4,1,3],[2,4,3,1]]"
True,True,True,6,True,True,True,True,True,n4_o049_r1233,2,"[[3,2,1,4],[3,2,4,1]]"
True,True,True,8,True,True,,True,,n4_o049_r1234,2,"[[4,2,1,3],[4,2,3,1]]"
True,True,True,7,True,True,True,True,True,n4_o049_r1235,3,"[[3,1,2,4],[3,2,1,4],[3,2,4,1]]"
True,True,True,8,True,True,,,,n4_o049_r1236,2,"[[4,2,1,3],[4,2,3,1]]"
True,True,True,2,True,True,True,True,True,n4_o050_r1237,1,"[[1,2,3,4]]"
True,True,True,2,True,True,True,True,True,n4_o050_r1238,1,"[[1,2,4,3]]"
True,True,True,2,True,True,True,True,True,n4_o050_r1239,1,"[[1,3,2,4]]"
True,True,True,2,True,True,True,True,True,n4_o050_r1240,1,"[[1,4,2,3]]"
True,True,True,3,True,True,True,True,True,n4_o050_r1241,2,"[[1,3,2,4],[1,3,4,2]]"
True,True,True,3,True,True,True,True,True,n4_o050_r1242,2,"[[1,4,2,3],[1,4,3,2]]"
True,True,True,3,True,True,True,True,True,n4_o050_r1243,1,"[[2,1,3,4]]"
True,True,True,3,True,True,True,True,True,n4_o050_r1244,1,"[[2,1,4,3]]"
True,True,True,4,True,True,True,True,True,n4_o050_r1245,1,"[[3,1,2,4]]"
True,True,True,5,True,True,True,True,True,n4_o050_r1246,1,"[[4,1,2,3]]"
True,True,True,5,True,True,True,True,True,n4_o050_r1247,2,"[[3,1,2,4],[3,1,4,2]]"
True,True,True,6,True,True,True,True,True,n4_o050_r1248,2,"[[4,1,2,3],[4,1,3,2]]"
True,True,True,3,True,True,True,True,True,n4_o050_r1249,1,"[[2,3,1,4]]"
True,True,True,4,True,True,True,True,True,n4_o050_r1250,1,"[[2,4,1,3]]"
True,True,True,4,True,True,True,True,True,n4_o050_r1251,1,"[[3,2,1,4]]"
True,True,True,6,True,True,True,True,True,n4_o050_r1252,1,"[[4,2,1,3]]"
True,True,True,7,True,True,True,True,True,n4_o050_r1253,4,"[[3,1,2,4],[3,1,4,2],[3,2,1,4],[3,4,1,2]]"
True,True,True,8,True,True,True,True,True,n4_o050_r1254,4,"[[4,1,2,3],[4,1,3,2],[4,2,1,3],[4,3,1,2]]"
True,True,True,4,True,True,True,True,True,n4_o050_r1255,1,"[[2,3,1,4]]"
True,True,True,5,True,True,True,True,True,n4_o050_r1256,1,"[[2,4,1,3]]"
True,True,True,5,True,True,True,True,True,n4_o050_r1257,1,"[[3,2,1,4]]"
True,True,True,7,True,True,True,True,True,n4_o050_r1258,1,"[[4,2,1,3]]"
True,True,True,7,True,True,True,True,True,n4_o050_r1259,3,"[[3,1,2,4],[3,2,1,4],[3,4,1,2]]"
True,True,True,8,True,,,,,n4_o050_r1260,3,"[[4,1,2,3],[4,2,1,3],[4,3,1,2]]"
True,True,True,1,True,True,True,True,True,n4_o051_r1261,1,"[[1,2,3,4]]"
True,True,True,1,True,True,True,True,True,n4_o051_r1262,1,"[[1,2,4,3]]"
True,True,True,1,True,True,True,True,True,n4_o051_r1263,1,"[[1,3,2,4]]"
True,True,True,1,True,True,True,True,True,n4_o051_r1264,1,"[[1,4,2,3]]"
True,True,True,2,True,True,True,True,True,n4_o051_r1265,1,"[[1,3,4,2]]"
True,True,True,2,True,True,True,True,True,n4_o051_r1266,1,"[[1,4,3,2]]"
True,True,True,2,True,True,True,True,True,n4_o051_r1267,1,"[[2,1,3,4]]"
True,True,True,2,True,True,True,True,True,n4_o051_r1268,1,"[[2,1,4,3]]"
True,True,True,3,True,True,True,True,True,n4_o051_r1269,1,"[[3,1,2,4]]"
True,True,True,4,True,True,True,True,True,n4_o051_r1270,1,"[[4,1,2,3]]"
True,True,True,4,True,True,True,True,True,n4_o051_r1271,1,"[[3,1,4,2]]"
True,True,True,5,True,True,True,True,True,n4_o051_r1272,1,"[[4,1,3,2]]"
True,True,True,2,True,True,True,True,True,n4_o051_r1273,1,"[[2,3,1,4]]"
True,True,True,3,True,True,True,True,True,n4_o051_r1274,1,"[[2,4,1,3]]"
True,True,True,3,True,True,True,True,True,n4_o051_r1275,1,"[[3,2,1,4]]"
True,True,True,5,True,True,True,True,True,n4_o051_r1276,1,"[[4,2,1,3]]"
True,True,True,6,True,True,True,True,True,n4_o051_r1277,2,"[[3,1,4,2],[3,4,1,2]]"
True,True,True,7,True,True,True,True,True,n4_o051_r1278,2,"[[4,1,3,2],[4,3,1,2]]"
True,True,True,4,True,True,True,True,True,n4_o051_r1279,2,"[[2,3,1,4],[2,3,4,1]]"
True,True,True,5,True,True,True,True,True,n4_o051_r1280,2,"[[2,4,1,3],[2,4,3,1]]"
True,True,True,5,True,True,True,True,True,n4_o051_r1281,2,"[[3,2,1,4],[3,2,4,1]]"
True,True,True,7,True,True,True,True,True,n4_o051_r1282,2,"[[4,2,1,3],[4,2,3,1]]"
True,True,True,7,True,True,True,True,True,n4_o051_r1283,5,"[[3,1,2,4],[3,2,1,4],[3,2,4,1],[3,4,1,2],[3,4,2,1]]"
True,True,True,8,True,True,True,,,n4_o051_r1284,5,"[[4,1,2,3],[4,2,1,3],[4,2,3,1],[4,3,1,2],[4,3,2,1]]"
True,True,True,1,True,True,True,True,True,n4_o052_r1285,1,"[[1,2,3,4]]"
True,True,True,1,True,True,True,True,True,n4_o052_r1286,1,"[[1,2,4,3]]"
True,True,True,1,True,True,True,True,True,n4_o052_r1287,1,"[[1,3,2,4]]"
True,True,True,1,True,True,True,True,True,n4_o052_r1288,1,"[[1,4,2,3]]"
True,True,True,1,True,True,True,True,True,n4_o052_r1289,1,"[[1,3,4,2]]"
True,True,True,1,True,True,True,True,True,n4_o052_r1290,1,"[[1,4,3,2]]"
True,True,True,2,True,True,True,True,True,n4_o052_r1291,1,"[[2,1,3,4]]"
True,True,True,2,True,True,True,True,True,n4_o052_r1292,1,"[[2,1,4,3]]"
True,True,True,3,True,True,True,True,True,n4_o052_r1293,1,"[[3,1,2,4]]"
True,True,True,4,True,True,True,True,True,n4_o052_r1294,1,"[[4,1,2,3]]"
True,True,True,3,True,True,True,True,True,n4_o052_r1295,1,"[[3,1,4,2]]"
True,True,True,4,True,True,True,True,True,n4_o052_r1296,1,"[[4,1,3,2]]"
True,True,True,2,True,True,True,True,True,n4_o052_r1297,1,"[[2,3,1,4]]"
True,True,True,3,True,True,True,True,True,n4_o052_r1298,1,"[[2,4,1,3]]"
True,True,True,3,True,True,True,True,True,n4_o052_r1299,1,"[[3,2,1,4]]"
True,True,True,5,True,True,True,True,True,n4_o052_r1300,1,"[[4,2,1,3]]"
True,True,True,5,True,True,True,True,True,n4_o052_r1301,1,"[[3,4,1,2]]"
True,True,True,6,True,True,True,True,True,n4_o052_r1302,1,"[[4,3,1,2]]"
True,True,True,3,True,True,True,True,True,n4_o052_r1303,2,"[[2,3,1,4],[2,3,4,1]]"
True,True,True,4,True,True,True,True,True,n4_o052_r1304,2,"[[2,4,1,3],[2,4,3,1]]"
True,True,True,4,True,True,True,True,True,n4_o052_r1305,2,"[[3,2,1,4],[3,2,4,1]]"
True,True,True,6,True,True,True,True,True,n4_o052_r1306,2,"[[4,2,1,3],[4,2,3,1]]"
True,True,True,6,True,True,True,True,True,n4_o052_r1307,2,"[[3,4,1,2],[3,4,2,1]]"
True,True,True,7,True,True,True,True,True,n4_o052_r1308,2,"[[4,3,1,2],[4,3,2,1]]"
True,True,True,2,True,True,True,True,True,n4_o053_r1309,2,"[[1,2,3,4],[1,3,2,4]]"
True,True,True,2,True,True,True,True,True,n4_o053_r1310,1,"[[1,2,4,3]]"
True,True,True,2,True,True,True,True,True,n4_o053_r1311,2,"[[1,2,3,4],[1,3,2,4]]"
True,True,True,2,True,True,True,True,True,n4_o053_r1312,1,"[[1,4,2,3]]"
True,True,True,3,True,True,True,True,True,n4_o053_r1313,3,"[[1,2,3,4],[1,3,2,4],[1,3,4,2]]"
True,True,True,3,True,True,True,True,True,n4_o053_r1314,2,"[[1,4,2,3],[1,4,3,2]]"
True,True,True,3,True,True,True,True,True,n4_o053_r1315,2,"[[2,1,3,4],[2,3,1,4]]"
True,True,True,3,True,True,True,True,True,n4_o053_r1316,1,"[[2,1,4,3]]"
True,True,True,4,True,True,True,True,True,n4_o053_r1317,2,"[[3,1,2,4],[3,2,1,4]]"
True,True,True,5,True,True,True,True,True,n4_o053_r1318,1,"[[4,1,2,3]]"
True,True,True,5,True,True,True,True,True,n4_o053_r1319,3,"[[3,1,2,4],[3,1,4,2],[3,2,1,4]]"
True,True,True,6,True,True,True,True,True,n4_o053_r1320,2,"[[4,1,2,3],[4,1,3,2]]"
True,True,True,3,True,True,True,True,True,n4_o053_r1321,2,"[[2,1,3,4],[2,3,1,4]]"
True,True,True,3,True,True,True,True,True,n4_o053_r1322,1,"[[2,4,1,3]]"
True,True,True,4,True,True,True,True,True,n4_o053_r1323,2,"[[3,1,2,4],[3,2,1,4]]"
True,True,True,5,True,True,True,True,True,n4_o053_r1324,1,"[[4,2,1,3]]"
True,True,True,6,True,True,True,True,True,n4_o053_r1325,4,"[[3,1,2,4],[3,1,4,2],[3,2,1,4],[3,4,1,2]]"
True,True,True,7,True,True,True,True,True,n4_o053_r1326,4,"[[4,1,2,3],[4,1,3,2],[4,2,1,3],[4,3,1,2]]"
True,True,True,4,True,True,True,True,True,n4_o053_r1327,2,"[[2,1,3,4],[2,3,1,4]]"
True,True,True,4,True,True,True,True,True,n4_o053_r1328,1,"[[2,4,1,3]]"
True,True,True,5,True,True,True,True,True,n4_o053_r1329,2,"[[3,1,2,4],[3,2,1,4]]"
True,True,True,6,True,True,True,True,True,n4_o053_r1330,1,"[[4,2,1,3]]"
True,True,True,6,True,True,True,True,True,n4_o053_r1331,3,"[[3,1,2,4],[3,2,1,4],[3,4,1,2]]"
True,True,True,7,True,,,,,n4_o053_r1332,3,"[[4,1,2,3],[4,2,1,3],[4,3,1,2]]"
True,True,True,1,True,True,True,True,True,n4_o054_r1333,2,"[[1,2,3,4],[1,3,2,4]]"
True,True,True,1,True,True,True,True,True,n4_o054_r1334,1,"[[1,2,4,3]]"
True,True,True,1,True,True,True,True,True,n4_o054_r1335,2,"[[1,2,3,4],[1,3,2,4]]"
True,True,True,1,True,True,True,True,True,n4_o054_r1336,1,"[[1,4,2,3]]"
True,True,True,2,True,True,True,True,True,n4_o054_r1337,1,"[[1,3,4,2]]"
True,True,True,2,True,True,True,True,True,n4_o054_r1338,1,"[[1,4,3,2]]"
True,True,True,2,True,True,True,True,True,n4_o054_r1339,2,"[[2,1,3,4],[2,3,1,4]]"
True,True,True,2,True,True,True,True,True,n4_o054_r1340,1,"[[2,1,4,3]]"
True,True,True,3,True,True,True,True,True,n4_o054_r1341,2,"[[3,1,2,4],[3,2,1,4]]"
True,True,True,4,True,True,True,True,True,n4_o054_r1342,1,"[[4,1,2,3]]"
True,True,True,4,True,True,True,True,True,n4_o054_r1343,1,"[[3,1,4,2]]"
True,True,True,5,True,True,True,True,True,n4_o054_r1344,1,"[[4,1,3,2]]"
True,True,True,2,True,True,True,True,True,n4_o054_r1345,2,"[[2,1,3,4],[2,3,1,4]]"
True,True,True,2,True,True,True,True,True,n4_o054_r1346,1,"[[2,4,1,3]]"
True,True,True,3,True,True,True,True,True,n4_o054_r1347,2,"[[3,1,2,4],[3,2,1,4]]"
True,True,True,4,True,True,True,True,True,n4_o054_r1348,1,"[[4,2,1,3]]"
True,True,True,5,True,True,True,True,True,n4_o054_r1349,2,"[[3,1,4,2],[3,4,1,2]]"
True,True,True,6,True,True,True,True,True,n4_o054_r1350,2,"[[4,1,3,2],[4,3,1,2]]"
True,True,True,4,True,True,True,True,True,n4_o054_r1351,3,"[[2,1,3,4],[2,3,1,4],[2,3,4,1]]"
True,True,True,4,True,True,True,True,True,n4_o054_r1352,2,"[[2,4,1,3],[2,4,3,1]]"
True,True,True,5,True,True,True,True,True,n4_o054_r1353,3,"[[3,1,2,4],[3,2,1,4],[3,2,4,1]]"
True,True,True,6,True,True,True,True,True,n4_o054_r1354,2,"[[4,2,1,3],[4,2,3,1]]"
True,True,True,6,True,True,True,True,True,n4_o054_r1355,5,"[[3,1,2,4],[3,2,1,4],[3,2,4,1],[3,4,1,2],[3,4,2,1]]"
True,True,True,7,True,True,True,True,True,n4_o054_r1356,5,"[[4,1,2,3],[4,2,1,3],[4,2,3,1],[4,3,1,2],[4,3,2,1]]"
True,True,True,1,True,True,True,True,True,n4_o055_r1357,2,"[[1,2,3,4],[1,3,2,4]]"
True,True,True,1,True,True,True,True,True,n4_o055_r1358,1,"[[1,2,4,3]]"
True,True,True,1,True,True,True,True,True,n4_o055_r1359,2,"[[1,2,3,4],[1,3,2,4]]"
True,True,True,1,True,True,True,True,True,n4_o055_r1360,1,"[[1,4,2,3]]"
True,True,True,1,True,True,True,True,True,n4_o055_r1361,1,"[[1,3,4,2]]"
True,True,True,1,True,True,True,True,True,n4_o055_r1362,1,"[[1,4,3,2]]"
True,True,True,2,True,True,True,True,True,n4_o055_r1363,2,"[[2,1,3,4],[2,3,1,4]]"
True,True,True,2,True,True,True,True,True,n4_o055_r1364,1,"[[2,1,4,3]]"
True,True,True,3,True,True,True,True,True,n4_o055_r1365,2,"[[3,1,2,4],[3,2,1,4]]"
True,True,True,4,True,True,True,True,True,n4_o055_r1366,1,"[[4,1,2,3]]"
True,True,True,3,True,True,True,True,True,n4_o055_r1367,1,"[[3,1,4,2]]"
True,True,True,4,True,True,True,True,True,n4_o055_r1368,1,"[[4,1,3,2]]"
True,True,True,2,True,True,True,True,True,n4_o055_r1369,2,"[[2,1,3,4],[2,3,1,4]]"
True,True,True,2,True,True,True,True,True,n4_o055_r1370,1,"[[2,4,1,3]]"
True,True,True,3,True,True,True,True,True,n4_o055_r1371,2,"[[3,1,2,4],[3,2,1,4]]"
True,True,True,4,True,True,True,True,True,n4_o055_r1372,1,"[[4,2,1,3]]"
True,True,True,4,True,True,True,True,True,n4_o055_r1373,1,"[[3,4,1,2]]"
True,True,True,5,True,True,True,True,True,n4_o055_r1374,1,"[[4,3,1,2]]"
True,True,True,3,True,True,True,True,True,n4_o055_r1375,3,"[[2,1,3,4],[2,3,1,4],[2,3,4,1]]"
True,True,True,3,True,True,True,True,True,n4_o055_r1376,2,"[[2,4,1,3],[2,4,3,1]]"
True,True,True,4,True,True,True,True,True,n4_o055_r1377,3,"[[3,1,2,4],[3,2,1,4],[3,2,4,1]]"
True,True,True,5,True,True,True,True,True,n4_o055_r1378,2,"[[4,2,1,3],[4,2,3,1]]"
True,True,True,5,True,True,True,True,True,n4_o055_r1379,2,"[[3,4,1,2],[3,4,2,1]]"
True,True,True,6,True,True,True,True,True,n4_o055_r1380,2,"[[4,3,1,2],[4,3,2,1]]"
True,True,True,1,True,True,True,True,True,n4_o056_r1381,2,"[[1,2,3,4],[1,3,2,4]]"
True,True,True,1,True,True,True,True,True,n4_o056_r1382,2,"[[1,2,4,3],[1,4,2,3]]"
True,True,True,1,True,True,True,True,True,n4_o056_r1383,2,"[[1,2,3,4],[1,3,2,4]]"
True,True,True,1,True,True,True,True,True,n4_o056_r1384,2,"[[1,2,4,3],[1,4,2,3]]"
True,True,True,1,True,True,True,True,True,n4_o056_r1385,1,"[[1,3,4,2]]"
True,True,True,1,True,True,True,True,True,n4_o056_r1386,1,"[[1,4,3,2]]"
True,True,True,2,True,True,True,True,True,n4_o056_r1387,2,"[[2,1,3,4],[2,3,1,4]]"
True,True,True,2,True,True,True,True,True,n4_o056_r1388,2,"[[2,1,4,3],[2,4,1,3]]"
True,True,True,3,True,True,True,True,True,n4_o056_r1389,2,"[[3,1,2,4],[3,2,1,4]]"
True,True,True,4,True,True,True,True,True,n4_o056_r1390,2,"[[4,1,2,3],[4,2,1,3]]"
True,True,True,3,True,True,True,True,True,n4_o056_r1391,1,"[[3,1,4,2]]"
True,True,True,4,True,True,True,True,True,n4_o056_r1392,1,"[[4,1,3,2]]"
True,True,True,2,True,True,True,True,True,n4_o056_r1393,2,"[[2,1,3,4],[2,3,1,4]]"
True,True,True,2,True,True,True,True,True,n4_o056_r1394,2,"[[2,1,4,3],[2,4,1,3]]"
True,True,True,3,True,True,True,True,True,n4_o056_r1395,2,"[[3,1,2,4],[3,2,1,4]]"
True,True,True,4,True,True,True,True,True,n4_o056_r1396,2,"[[4,1,2,3],[4,2,1,3]]"
True,True,True,3,True,True,True,True,True,n4_o056_r1397,1,"[[3,4,1,2]]"
True,True,True,4,True,True,True,True,True,n4_o056_r1398,1,"[[4,3,1,2]]"
True,True,True,3,True,True,True,True,True,n4_o056_r1399,3,"[[2,1,3,4],[2,3,1,4],[2,3,4,1]]"
True,True,True,3,True,True,True,True,True,n4_o056_r1400,3,"[[2,1,4,3],[2,4,1,3],[2,4,3,1]]"
True,True,True,4,True,True,True,True,True,n4_o056_r1401,3,"[[3,1,2,4],[3,2,1,4],[3,2,4,1]]"
True,True,True,5,True,True,True,True,True,n4_o056_r1402,3,"[[4,1,2,3],[4,2,1,3],[4,2,3,1]]"
True,True,True,4,True,True,True,True,True,n4_o056_r1403,2,"[[3,4,1,2],[3,4,2,1]]"
True,True,True,5,True,True,True,True,True,n4_o056_r1404,2,"[[4,3,1,2],[4,3,2,1]]"
True,True,True,7,True,True,True,True,True,n4_o057_r1405,1,"[[1,2,3,4]]"
True,True,True,7,True,True,True,True,True,n4_o057_r1406,1,"[[1,2,3,4]]"
True,True,True,8,True,True,True,True,True,n4_o057_r1407,2,"[[1,2,3,4],[1,3,2,4]]"
True,True,True,8,True,True,True,True,True,n4_o057_r1408,1,"[[1,2,3,4]]"
True,True,True,8,True,True,True,True,True,n4_o057_r1409,1,"[[1,3,2,4]]"
True,True,True,8,True,True,True,True,True,n4_o057_r1410,1,"[[1,3,2,4]]"
True,True,True,7,True,True,True,True,True,n4_o057_r1411,1,"[[2,1,3,4]]"
True,True,True,7,True,True,True,True,True,n4_o057_r1412,1,"[[2,1,3,4]]"
True,True,True,9,True,True,True,True,True,n4_o057_r1413,4,"[[1,2,3,4],[1,3,2,4],[2,1,3,4],[3,1,2,4]]"
True,True,True,9,True,True,True,True,True,n4_o057_r1414,2,"[[1,2,3,4],[2,1,3,4]]"
True,True,True,9,True,True,True,True,True,n4_o057_r1415,2,"[[1,3,2,4],[3,1,2,4]]"
True,True,True,9,True,True,True,True,True,n4_o057_r1416,1,"[[1,3,2,4]]"
True,True,True,8,True,True,True,True,True,n4_o057_r1417,1,"[[2,1,3,4]]"
True,True,True,8,True,True,True,True,True,n4_o057_r1418,1,"[[2,1,3,4]]"
True,True,True,9,True,True,True,True,True,n4_o057_r1419,3,"[[1,2,3,4],[2,1,3,4],[3,1,2,4]]"
True,True,True,9,True,True,True,True,True,n4_o057_r1420,2,"[[1,2,3,4],[2,1,3,4]]"
True,True,True,9,True,True,True,True,True,n4_o057_r1421,1,"[[3,1,2,4]]"
True,True,True,9,True,True,True,True,True,n4_o057_r1422,1,"[[3,1,2,4]]"
True,True,True,9,True,True,True,True,True,n4_o057_r1423,2,"[[2,1,3,4],[2,3,1,4]]"
True,True,True,9,True,True,True,True,True,n4_o057_r1424,2,"[[2,1,3,4],[2,3,1,4]]"
True,True,True,10,True,True,True,True,True,n4_o057_r1425,5,"[[1,2,3,4],[2,1,3,4],[2,3,1,4],[3,1,2,4],[3,2,1,4]]"
True,True,True,10,True,True,True,True,True,n4_o057_r1426,3,"[[1,2,3,4],[2,1,3,4],[2,3,1,4]]"
True,True,True,10,True,True,True,True,True,n4_o057_r1427,2,"[[3,1,2,4],[3,2,1,4]]"
True,True,True,10,True,True,True,True,True,n4_o057_r1428,2,"[[3,1,2,4],[3,2,1,4]]"
True,True,True,6,True,True,True,True,True,n4_o058_r1429,1,"[[1,2,3,4]]"
True,True,True,6,True,True,True,True,True,n4_o058_r1430,1,"[[1,2,3,4]]"
True,True,True,7,True,True,True,True,True,n4_o058_r1431,2,"[[1,2,3,4],[1,3,2,4]]"
True,True,True,7,True,True,True,True,True,n4_o058_r1432,1,"[[1,2,3,4]]"
True,True,True,7,True,True,True,True,True,n4_o058_r1433,1,"[[1,3,2,4]]"
True,True,True,7,True,True,True,True,True,n4_o058_r1434,1,"[[1,3,2,4]]"
True,True,True,6,True,True,True,True,True,n4_o058_r1435,1,"[[2,1,3,4]]"
True,True,True,6,True,True,True,True,True,n4_o058_r1436,1,"[[2,1,3,4]]"
True,True,True,8,True,True,True,True,True,n4_o058_r1437,4,"[[1,2,3,4],[1,3,2,4],[2,1,3,4],[3,1,2,4]]"
True,True,True,8,True,True,True,True,True,n4_o058_r1438,2,"[[1,2,3,4],[2,1,3,4]]"
True,True,True,8,True,True,True,True,True,n4_o058_r1439,2,"[[1,3,2,4],[3,1,2,4]]"
True,True,True,8,True,True,True,True,True,n4_o058_r1440,1,"[[1,3,2,4]]"
True,True,True,7,True,True,True,True,True,n4_o058_r1441,1,"[[2,1,3,4]]"
True,True,True,7,True,True,True,True,True,n4_o058_r1442,1,"[[2,1,3,4]]"
True,True,True,8,True,True,True,True,True,n4_o058_r1443,3,"[[1,2,3,4],[2,1,3,4],[3,1,2,4]]"
True,True,True,8,True,True,True,True,True,n4_o058_r1444,2,"[[1,2,3,4],[2,1,3,4]]"
True,True,True,8,True,True,True,True,True,n4_o058_r1445,1,"[[3,1,2,4]]"
True,True,True,8,True,True,True,True,True,n4_o058_r1446,1,"[[3,1,2,4]]"
True,True,True,8,True,True,True,True,True,n4_o058_r1447,1,"[[2,3,1,4]]"
True,True,True,8,True,True,True,True,True,n4_o058_r1448,1,"[[2,3,1,4]]"
True,True,True,9,True,True,True,True,True,n4_o058_r1449,2,"[[2,3,1,4],[3,2,1,4]]"
True,True,True,9,True,True,True,True,True,n4_o058_r1450,1,"[[2,3,1,4]]"
True,True,True,9,True,True,True,True,True,n4_o058_r1451,1,"[[3,2,1,4]]"
True,True,True,9,True,True,True,True,True,n4_o058_r1452,1,"[[3,2,1,4]]"
True,True,True,5,True,True,True,True,True,n4_o059_r1453,1,"[[1,2,3,4]]"
True,True,True,6,True,True,True,True,True,n4_o059_r1454,2,"[[1,2,3,4],[1,2,4,3]]"
True,True,True,6,True,True,True,True,True,n4_o059_r1455,2,"[[1,2,3,4],[1,3,2,4]]"
True,True,True,7,True,True,True,True,True,n4_o059_r1456,2,"[[1,2,3,4],[1,2,4,3]]"
True,True,True,7,True,True,True,True,True,n4_o059_r1457,1,"[[1,3,2,4]]"
True,True,True,7,True,True,True,True,True,n4_o059_r1458,1,"[[1,3,2,4]]"
True,True,True,5,True,True,True,True,True,n4_o059_r1459,1,"[[2,1,3,4]]"
True,True,True,6,True,True,True,True,True,n4_o059_r1460,2,"[[2,1,3,4],[2,1,4,3]]"
True,True,True,7,True,True,True,True,True,n4_o059_r1461,4,"[[1,2,3,4],[1,3,2,4],[2,1,3,4],[3,1,2,4]]"
True,True,True,8,True,True,True,True,True,n4_o059_r1462,4,"[[1,2,3,4],[1,2,4,3],[2,1,3,4],[2,1,4,3]]"
True,True,True,8,True,True,True,True,True,n4_o059_r1463,2,"[[1,3,2,4],[3,1,2,4]]"
True,True,True,8,True,True,True,True,True,n4_o059_r1464,1,"[[1,3,2,4]]"
True,True,True,6,True,True,True,True,True,n4_o059_r1465,1,"[[2,1,3,4]]"
True,True,True,7,True,True,True,True,True,n4_o059_r1466,2,"[[2,1,3,4],[2,1,4,3]]"
True,True,True,7,True,True,True,True,True,n4_o059_r1467,3,"[[1,2,3,4],[2,1,3,4],[3,1,2,4]]"
True,True,True,8,True,True,True,True,True,n4_o059_r1468,4,"[[1,2,3,4],[1,2,4,3],[2,1,3,4],[2,1,4,3]]"
True,True,True,8,True,True,True,True,True,n4_o059_r1469,1,"[[3,1,2,4]]"
True,True,True,8,True,True,True,True,True,n4_o059_r1470,1,"[[3,1,2,4]]"
True,True,True,8,True,True,True,True,True,n4_o059_r1471,1,"[[2,3,1,4]]"
True,True,True,8,True,True,True,True,True,n4_o059_r1472,1,"[[2,3,1,4]]"
True,True,True,9,True,True,True,True,True,n4_o059_r1473,2,"[[2,3,1,4],[3,2,1,4]]"
True,True,True,9,True,True,True,True,True,n4_o059_r1474,1,"[[2,3,1,4]]"
True,True,True,9,True,True,True,True,True,n4_o059_r1475,1,"[[3,2,1,4]]"
True,True,True,9,True,True,True,True,True,n4_o059_r1476,1,"[[3,2,1,4]]"
True,True,True,4,True,True,True,True,True,n4_o060_r1477,1,"[[1,2,3,4]]"
True,True,True,5,True,True,True,True,True,n4_o060_r1478,1,"[[1,2,4,3]]"
True,True,True,5,True,True,True,True,True,n4_o060_r1479,2,"[[1,2,3,4],[1,3,2,4]]"
True,True,True,6,True,True,True,True,True,n4_o060_r1480,1,"[[1,2,4,3]]"
True,True,True,7,True,True,True,True,True,n4_o060_r1481,2,"[[1,3,2,4],[1,3,4,2]]"
True,True,True,7,True,True,True,True,True,n4_o060_r1482,2,"[[1,3,2,4],[1,3,4,2]]"
True,True,True,4,True,True,True,True,True,n4_o060_r1483,1,"[[2,1,3,4]]"
True,True,True,5,True,True,True,True,True,n4_o060_r1484,1,"[[2,1,4,3]]"
True,True,True,6,True,True,True,True,True,n4_o060_r1485,4,"[[1,2,3,4],[1,3,2,4],[2,1,3,4],[3,1,2,4]]"
True,True,True,7,True,True,True,True,True,n4_o060_r1486,2,"[[1,2,4,3],[2,1,4,3]]"
True,True,True,8,True,True,True,True,True,n4_o060_r1487,4,"[[1,3,2,4],[1,3,4,2],[3,1,2,4],[3,1,4,2]]"
True,True,True,8,True,True,True,True,True,n4_o060_r1488,2,"[[1,3,2,4],[1,3,4,2]]"
True,True,True,5,True,True,True,True,True,n4_o060_r1489,1,"[[2,1,3,4]]"
True,True,True,6,True,True,True,True,True,n4_o060_r1490,1,"[[2,1,4,3]]"
True,True,True,6,True,True,True,True,True,n4_o060_r1491,3,"[[1,2,3,4],[2,1,3,4],[3,1,2,4]]"
True,True,True,7,True,True,True,True,True,n4_o060_r1492,2,"[[1,2,4,3],[2,1,4,3]]"
True,True,True,8,True,True,True,True,True,n4_o060_r1493,2,"[[3,1,2,4],[3,1,4,2]]"
True,True,True,8,True,True,True,True,True,n4_o060_r1494,2,"[[3,1,2,4],[3,1,4,2]]"
True,True,True,8,True,True,True,True,True,n4_o060_r1495,1,"[[2,3,1,4]]"
True,True,True,8,True,True,True,True,True,n4_o060_r1496,1,"[[2,3,1,4]]"
True,True,True,9,True,True,True,True,True,n4_o060_r1497,2,"[[2,3,1,4],[3,2,1,4]]"
True,True,True,9,True,True,True,True,True,n4_o060_r1498,1,"[[2,3,1,4]]"
True,True,True,9,True,True,True,True,True,n4_o060_r1499,1,"[[3,2,1,4]]"
True,True,True,9,True,True,True,True,True,n4_o060_r1500,1,"[[3,2,1,4]]"
True,True,True,3,True,True,True,True,True,n4_o061_r1501,1,"[[1,2,3,4]]"
True,True,True,4,True,True,True,True,True,n4_o061_r1502,1,"[[1,2,4,3]]"
True,True,True,4,True,True,True,True,True,n4_o061_r1503,2,"[[1,2,3,4],[1,3,2,4]]"
True,True,True,5,True,True,True,True,True,n4_o061_r1504,1,"[[1,2,4,3]]"
True,True,True,6,True,True,True,True,True,n4_o061_r1505,1,"[[1,3,4,2]]"
True,True,True,6,True,True,True,True,True,n4_o061_r1506,1,"[[1,3,4,2]]"
True,True,True,3,True,True,True,True,True,n4_o061_r1507,1,"[[2,1,3,4]]"
True,True,True,4,True,True,True,True,True,n4_o061_r1508,1,"[[2,1,4,3]]"
True,True,True,5,True,True,True,True,True,n4_o061_r1509,4,"[[1,2,3,4],[1,3,2,4],[2,1,3,4],[3,1,2,4]]"
True,True,True,6,True,True,True,True,True,n4_o061_r1510,2,"[[1,2,4,3],[2,1,4,3]]"
True,True,True,7,True,True,True,True,True,n4_o061_r1511,2,"[[1,3,4,2],[3,1,4,2]]"
True,True,True,7,True,True,True,True,True,n4_o061_r1512,1,"[[1,3,4,2]]"
True,True,True,4,True,True,True,True,True,n4_o061_r1513,1,"[[2,1,3,4]]"
True,True,True,5,True,True,True,True,True,n4_o061_r1514,1,"[[2,1,4,3]]"
True,True,True,5,True,True,True,True,True,n4_o061_r1515,3,"[[1,2,3,4],[2,1,3,4],[3,1,2,4]]"
True,True,True,6,True,True,True,True,True,n4_o061_r1516,2,"[[1,2,4,3],[2,1,4,3]]"
True,True,True,7,True,True,True,True,True,n4_o061_r1517,1,"[[3,1,4,2]]"
True,True,True,7,True,True,True,True,True,n4_o061_r1518,1,"[[3,1,4,2]]"
True,True,True,8,True,True,True,True,True,n4_o061_r1519,2,"[[2,3,1,4],[2,3,4,1]]"
True,True,True,8,True,True,True,True,True,n4_o061_r1520,2,"[[2,3,1,4],[2,3,4,1]]"
True,True,True,9,True,True,True,True,True,n4_o061_r1521,4,"[[2,3,1,4],[2,3,4,1],[3,2,1,4],[3,2,4,1]]"
True,True,True,9,True,True,True,True,True,n4_o061_r1522,2,"[[2,3,1,4],[2,3,4,1]]"
True,True,True,9,True,True,True,True,True,n4_o061_r1523,2,"[[3,2,1,4],[3,2,4,1]]"
True,True,True,9,True,True,True,True,True,n4_o061_r1524,2,"[[3,2,1,4],[3,2,4,1]]"
True,True,True,5,True,True,True,True,True,n4_o062_r1525,1,"[[1,2,3,4]]"
True,True,True,5,True,True,True,True,True,n4_o062_r1526,1,"[[1,2,3,4]]"
True,True,True,6,True,True,True,True,True,n4_o062_r1527,1,"[[1,3,2,4]]"
True,True,True,7,True,True,True,True,True,n4_o062_r1528,1,"[[1,2,3,4]]"
True,True,True,6,True,True,True,True,True,n4_o062_r1529,1,"[[1,3,2,4]]"
True,True,True,7,True,True,True,True,True,n4_o062_r1530,1,"[[1,3,2,4]]"
True,True,True,5,True,True,True,True,True,n4_o062_r1531,1,"[[2,1,3,4]]"
True,True,True,5,True,True,True,True,True,n4_o062_r1532,1,"[[2,1,3,4]]"
True,True,True,7,True,True,True,True,True,n4_o062_r1533,2,"[[1,3,2,4],[3,1,2,4]]"
True,True,True,8,True,True,True,True,True,n4_o062_r1534,2,"[[1,2,3,4],[2,1,3,4]]"
True,True,True,7,True,True,True,True,True,n4_o062_r1535,2,"[[1,3,2,4],[3,1,2,4]]"
True,True,True,8,True,True,True,True,True,n4_o062_r1536,1,"[[1,3,2,4]]"
True,True,True,7,True,True,True,True,True,n4_o062_r1537,2,"[[2,1,3,4],[2,3,1,4]]"
True,True,True,7,True,True,True,True,True,n4_o062_r1538,1,"[[2,1,3,4]]"
True,True,True,8,True,True,True,True,True,n4_o062_r1539,5,"[[1,2,3,4],[2,1,3,4],[2,3,1,4],[3,1,2,4],[3,2,1,4]]"
True,True,True,8,True,True,True,True,True,n4_o062_r1540,2,"[[1,2,3,4],[2,1,3,4]]"
True,True,True,8,True,True,True,True,True,n4_o062_r1541,1,"[[3,1,2,4]]"
True,True,True,8,True,True,True,True,True,n4_o062_r1542,1,"[[3,1,2,4]]"
True,True,True,7,True,True,True,True,True,n4_o062_r1543,1,"[[2,3,1,4]]"
True,True,True,7,True,True,True,True,True,n4_o062_r1544,1,"[[2,3,1,4]]"
True,True,True,8,True,True,True,True,True,n4_o062_r1545,2,"[[2,3,1,4],[3,2,1,4]]"
True,True,True,8,True,True,True,True,True,n4_o062_r1546,1,"[[2,3,1,4]]"
True,True,True,8,True,True,True,True,True,n4_o062_r1547,1,"[[3,2,1,4]]"
True,True,True,8,True,True,True,True,True,n4_o062_r1548,1,"[[3,2,1,4]]"
True,True,True,4,True,True,True,True,True,n4_o063_r1549,1,"[[1,2,3,4]]"
True,True,True,5,True,True,True,True,True,n4_o063_r1550,2,"[[1,2,3,4],[1,2,4,3]]"
True,True,True,5,True,True,True,True,True,n4_o063_r1551,1,"[[1,3,2,4]]"
True,True,True,7,True,True,True,True,True,n4_o063_r1552,3,"[[1,2,3,4],[1,2,4,3],[1,4,2,3]]"
True,True,True,6,True,True,True,True,True,n4_o063_r1553,1,"[[1,3,2,4]]"
True,True,True,7,True,True,True,True,True,n4_o063_r1554,2,"[[1,3,2,4],[1,4,2,3]]"
True,True,True,4,True,True,True,True,True,n4_o063_r1555,1,"[[2,1,3,4]]"
True,True,True,5,True,True,True,True,True,n4_o063_r1556,2,"[[2,1,3,4],[2,1,4,3]]"
True,True,True,6,True,True,True,True,True,n4_o063_r1557,2,"[[1,3,2,4],[3,1,2,4]]"
True,True,True,8,True,True,True,True,True,n4_o063_r1558,5,"[[1,2,3,4],[1,2,4,3],[1,4,2,3],[2,1,3,4],[2,1,4,3]]"
True,True,True,7,True,True,True,True,True,n4_o063_r1559,2,"[[1,3,2,4],[3,1,2,4]]"
True,True,True,8,True,True,True,True,True,n4_o063_r1560,2,"[[1,3,2,4],[1,4,2,3]]"
True,True,True,6,True,True,True,True,True,n4_o063_r1561,2,"[[2,1,3,4],[2,3,1,4]]"
True,True,True,7,True,True,True,True,True,n4_o063_r1562,2,"[[2,1,3,4],[2,1,4,3]]"
True,True,True,7,True,True,True,True,True,n4_o063_r1563,5,"[[1,2,3,4],[2,1,3,4],[2,3,1,4],[3,1,2,4],[3,2,1,4]]"
True,True,True,8,True,True,True,True,True,n4_o063_r1564,4,"[[1,2,3,4],[1,2,4,3],[2,1,3,4],[2,1,4,3]]"
True,True,True,8,True,True,True,True,True,n4_o063_r1565,1,"[[3,1,2,4]]"
True,True,True,8,True,True,True,True,True,n4_o063_r1566,1,"[[3,1,2,4]]"
True,True,True,7,True,True,True,True,True,n4_o063_r1567,1,"[[2,3,1,4]]"
True,True,True,7,True,True,True,True,True,n4_o063_r1568,1,"[[2,3,1,4]]"
True,True,True,8,True,True,True,True,True,n4_o063_r1569,2,"[[2,3,1,4],[3,2,1,4]]"
True,True,True,8,True,True,True,True,True,n4_o063_r1570,1,"[[2,3,1,4]]"
True,True,True,8,True,True,True,True,True,n4_o063_r1571,1,"[[3,2,1,4]]"
True,True,True,8,True,True,True,True,True,n4_o063_r1572,1,"[[3,2,1,4]]"
True,True,True,3,True,True,True,True,True,n4_o064_r1573,1,"[[1,2,3,4]]"
True,True,True,4,True,True,True,True,True,n4_o064_r1574,1,"[[1,2,4,3]]"
True,True,True,4,True,True,True,True,True,n4_o064_r1575,1,"[[1,3,2,4]]"
True,True,True,6,True,True,True,True,True,n4_o064_r1576,2,"[[1,2,4,3],[1,4,2,3]]"
True,True,True,6,True,True,True,True,True,n4_o064_r1577,2,"[[1,3,2,4],[1,3,4,2]]"
True,True,True,7,True,True,True,True,True,n4_o064_r1578,4,"[[1,3,2,4],[1,3,4,2],[1,4,2,3],[1,4,3,2]]"
True,True,True,3,True,True,True,True,True,n4_o064_r1579,1,"[[2,1,3,4]]"
True,True,True,4,True,True,True,True,True,n4_o064_r1580,1,"[[2,1,4,3]]"
True,True,True,5,True,True,True,True,True,n4_o064_r1581,2,"[[1,3,2,4],[3,1,2,4]]"
True,True,True,7,True,True,True,True,True,n4_o064_r1582,3,"[[1,2,4,3],[1,4,2,3],[2,1,4,3]]"
True,True,True,7,True,True,True,True,True,n4_o064_r1583,4,"[[1,3,2,4],[1,3,4,2],[3,1,2,4],[3,1,4,2]]"
True,True,True,8,True,True,True,True,True,n4_o064_r1584,4,"[[1,3,2,4],[1,3,4,2],[1,4,2,3],[1,4,3,2]]"
True,True,True,5,True,True,True,True,True,n4_o064_r1585,2,"[[2,1,3,4],[2,3,1,4]]"
True,True,True,6,True,True,True,True,True,n4_o064_r1586,1,"[[2,1,4,3]]"
True,True,True,6,True,True,True,True,True,n4_o064_r1587,5,"[[1,2,3,4],[2,1,3,4],[2,3,1,4],[3,1,2,4],[3,2,1,4]]"
True,True,True,7,True,True,True,True,True,n4_o064_r1588,2,"[[1,2,4,3],[2,1,4,3]]"
True,True,True,8,True,True,True,True,True,n4_o064_r1589,2,"[[3,1,2,4],[3,1,4,2]]"
True,True,True,8,True,True,True,True,True,n4_o064_r1590,2,"[[3,1,2,4],[3,1,4,2]]"
True,True,True,7,True,True,True,True,True,n4_o064_r1591,1,"[[2,3,1,4]]"
True,True,True,7,True,True,True,True,True,n4_o064_r1592,1,"[[2,3,1,4]]"
True,True,True,8,True,True,True,True,True,n4_o064_r1593,2,"[[2,3,1,4],[3,2,1,4]]"
True,True,True,8,True,True,True,True,True,n4_o064_r1594,1,"[[2,3,1,4]]"
True,True,True,8,True,True,True,True,True,n4_o064_r1595,1,"[[3,2,1,4]]"
True,True,True,8,True,True,True,True,True,n4_o064_r1596,1,"[[3,2,1,4]]"
True,True,True,2,True,True,True,True,True,n4_o065_r1597,1,"[[1,2,3,4]]"
True,True,True,3,True,True,True,True,True,n4_o065_r1598,1,"[[1,2,4,3]]"
True,True,True,3,True,True,True,True,True,n4_o065_r1599,1,"[[1,3,2,4]]"
True,True,True,5,True,True,True,True,True,n4_o065_r1600,2,"[[1,2,4,3],[1,4,2,3]]"
True,True,True,5,True,True,True,True,True,n4_o065_r1601,1,"[[1,3,4,2]]"
True,True,True,6,True,True,True,True,True,n4_o065_r1602,2,"[[1,3,4,2],[1,4,3,2]]"
True,True,True,2,True,True,True,True,True,n4_o065_r1603,1,"[[2,1,3,4]]"
True,True,True,3,True,True,True,True,True,n4_o065_r1604,1,"[[2,1,4,3]]"
True,True,True,4,True,True,True,True,True,n4_o065_r1605,2,"[[1,3,2,4],[3,1,2,4]]"
True,True,True,6,True,True,True,True,True,n4_o065_r1606,3,"[[1,2,4,3],[1,4,2,3],[2,1,4,3]]"
True,True,True,6,True,True,True,True,True,n4_o065_r1607,2,"[[1,3,4,2],[3,1,4,2]]"
True,True,True,7,True,True,True,True,True,n4_o065_r1608,2,"[[1,3,4,2],[1,4,3,2]]"
True,True,True,4,True,True,True,True,True,n4_o065_r1609,2,"[[2,1,3,4],[2,3,1,4]]"
True,True,True,5,True,True,True,True,True,n4_o065_r1610,1,"[[2,1,4,3]]"
True,True,True,5,True,True,True,True,True,n4_o065_r1611,5,"[[1,2,3,4],[2,1,3,4],[2,3,1,4],[3,1,2,4],[3,2,1,4]]"
True,True,True,6,True,True,True,True,True,n4_o065_r1612,2,"[[1,2,4,3],[2,1,4,3]]"
True,True,True,7,True,True,True,True,True,n4_o065_r1613,1,"[[3,1,4,2]]"
True,True,True,7,True,True,True,True,True,n4_o065_r1614,1,"[[3,1,4,2]]"
True,True,True,7,True,True,True,True,True,n4_o065_r1615,2,"[[2,3,1,4],[2,3,4,1]]"
True,True,True,7,True,True,True,True,True,n4_o065_r1616,2,"[[2,3,1,4],[2,3,4,1]]"
True,True,True,8,True,True,True,True,True,n4_o065_r1617,4,"[[2,3,1,4],[2,3,4,1],[3,2,1,4],[3,2,4,1]]"
True,True,True,8,True,True,True,True,True,n4_o065_r1618,2,"[[2,3,1,4],[2,3,4,1]]"
True,True,True,8,True,True,True,True,True,n4_o065_r1619,2,"[[3,2,1,4],[3,2,4,1]]"
True,True,True,8,True,True,True,True,True,n4_o065_r1620,2,"[[3,2,1,4],[3,2,4,1]]"
True,True,True,3,True,True,True,True,True,n4_o066_r1621,1,"[[1,2,3,4]]"
True,True,True,4,True,True,True,True,True,n4_o066_r1622,2,"[[1,2,3,4],[1,2,4,3]]"
True,True,True,4,True,True,True,True,True,n4_o066_r1623,1,"[[1,3,2,4]]"
True,True,True,6,True,True,True,True,True,n4_o066_r1624,1,"[[1,4,2,3]]"
True,True,True,5,True,True,True,True,True,n4_o066_r1625,1,"[[1,3,2,4]]"
True,True,True,6,True,True,,,,n4_o066_r1626,1,"[[1,4,2,3]]"
True,True,True,3,True,True,True,True,True,n4_o066_r1627,1,"[[2,1,3,4]]"
True,True,True,4,True,True,True,True,True,n4_o066_r1628,2,"[[2,1,3,4],[2,1,4,3]]"
True,True,True,5,True,True,True,True,True,n4_o066_r1629,2,"[[1,3,2,4],[3,1,2,4]]"
True,True,True,7,True,True,True,True,True,n4_o066_r1630,1,"[[1,4,2,3]]"
True,True,True,6,True,True,True,True,True,n4_o066_r1631,2,"[[1,3,2,4],[3,1,2,4]]"
True,True,True,7,True,True,,,,n4_o066_r1632,1,"[[1,4,2,3]]"
True,True,True,5,True,True,True,True,True,n4_o066_r1633,1,"[[2,3,1,4]]"
True,True,True,7,True,True,True,True,True,n4_o066_r1634,4,"[[2,1,3,4],[2,1,4,3],[2,3,1,4],[2,4,1,3]]"
True,True,True,6,True,True,True,True,True,n4_o066_r1635,2,"[[2,3,1,4],[3,2,1,4]]"
True,True,True,8,True,True,True,True,True,n4_o066_r1636,6,"[[1,2,3,4],[1,2,4,3],[2,1,3,4],[2,1,4,3],[2,3,1,4],[2,4,1,3]]"
True,True,True,8,True,True,True,True,True,n4_o066_r1637,2,"[[3,1,2,4],[3,2,1,4]]"
True,True,True,8,True,True,True,True,True,n4_o066_r1638,2,"[[3,1,2,4],[3,2,1,4]]"
True,True,True,6,True,True,True,True,True,n4_o066_r1639,1,"[[2,3,1,4]]"
True,True,True,7,True,True,True,True,True,n4_o066_r1640,3,"[[2,1,3,4],[2,3,1,4],[2,4,1,3]]"
True,True,True,7,True,True,True,True,True,n4_o066_r1641,2,"[[2,3,1,4],[3,2,1,4]]"
True,True,True,8,True,True,True,True,True,n4_o066_r1642,4,"[[1,2,3,4],[2,1,3,4],[2,3,1,4],[2,4,1,3]]"
True,True,True,8,True,True,True,True,True,n4_o066_r1643,2,"[[3,1,2,4],[3,2,1,4]]"
True,True,True,8,True,True,True,True,True,n4_o066_r1644,2,"[[3,1,2,4],[3,2,1,4]]"
True,True,True,2,True,True,True,True,True,n4_o067_r1645,1,"[[1,2,3,4]]"
True,True,True,3,True,True,True,True,True,n4_o067_r1646,1,"[[1,2,4,3]]"
True,True,True,3,True,True,True,True,True,n4_o067_r1647,1,"[[1,3,2,4]]"
True,True,True,5,True,True,True,True,True,n4_o067_r1648,1,"[[1,4,2,3]]"
True,True,True,5,True,True,True,True,True,n4_o067_r1649,2,"[[1,3,2,4],[1,3,4,2]]"
True,True,True,6,True,True,True,True,True,n4_o067_r1650,2,"[[1,4,2,3],[1,4,3,2]]"
True,True,True,2,True,True,True,True,True,n4_o067_r1651,1,"[[2,1,3,4]]"
True,True,True,3,True,True,True,True,True,n4_o067_r1652,1,"[[2,1,4,3]]"
True,True,True,4,True,True,True,True,True,n4_o067_r1653,2,"[[1,3,2,4],[3,1,2,4]]"
True,True,True,6,True,True,True,True,True,n4_o067_r1654,1,"[[1,4,2,3]]"
True,True,True,6,True,True,True,True,True,n4_o067_r1655,4,"[[1,3,2,4],[1,3,4,2],[3,1,2,4],[3,1,4,2]]"
True,True,True,7,True,True,True,True,True,n4_o067_r1656,2,"[[1,4,2,3],[1,4,3,2]]"
True,True,True,4,True,True,True,True,True,n4_o067_r1657,1,"[[2,3,1,4]]"
True,True,True,6,True,True,True,True,True,n4_o067_r1658,2,"[[2,1,4,3],[2,4,1,3]]"
True,True,True,5,True,True,True,True,True,n4_o067_r1659,2,"[[2,3,1,4],[3,2,1,4]]"
True,True,True,7,True,True,True,True,True,n4_o067_r1660,3,"[[1,2,4,3],[2,1,4,3],[2,4,1,3]]"
True,True,True,8,True,True,True,True,True,n4_o067_r1661,3,"[[3,1,2,4],[3,1,4,2],[3,2,1,4]]"
True,True,True,8,True,True,True,True,True,n4_o067_r1662,3,"[[3,1,2,4],[3,1,4,2],[3,2,1,4]]"
True,True,True,6,True,True,True,True,True,n4_o067_r1663,1,"[[2,3,1,4]]"
True,True,True,7,True,True,True,True,True,n4_o067_r1664,3,"[[2,1,3,4],[2,3,1,4],[2,4,1,3]]"
True,True,True,7,True,True,True,True,True,n4_o067_r1665,2,"[[2,3,1,4],[3,2,1,4]]"
True,True,True,8,True,True,True,True,True,n4_o067_r1666,4,"[[1,2,3,4],[2,1,3,4],[2,3,1,4],[2,4,1,3]]"
True,True,True,8,True,True,True,True,True,n4_o067_r1667,2,"[[3,1,2,4],[3,2,1,4]]"
True,True,True,8,True,True,True,True,True,n4_o067_r1668,2,"[[3,1,2,4],[3,2,1,4]]"
True,True,True,1,True,True,True,True,True,n4_o068_r1669,1,"[[1,2,3,4]]"
True,True,True,2,True,True,True,True,True,n4_o068_r1670,1,"[[1,2,4,3]]"
True,True,True,2,True,True,True,True,True,n4_o068_r1671,1,"[[1,3,2,4]]"
True,True,True,4,True,True,True,True,True,n4_o068_r1672,1,"[[1,4,2,3]]"
True,True,True,4,True,True,True,True,True,n4_o068_r1673,1,"[[1,3,4,2]]"
True,True,True,5,True,True,True,True,True,n4_o068_r1674,1,"[[1,4,3,2]]"
True,True,True,1,True,True,True,True,True,n4_o068_r1675,1,"[[2,1,3,4]]"
True,True,True,2,True,True,True,True,True,n4_o068_r1676,1,"[[2,1,4,3]]"
True,True,True,3,True,True,True,True,True,n4_o068_r1677,2,"[[1,3,2,4],[3,1,2,4]]"
True,True,True,5,True,True,True,True,True,n4_o068_r1678,1,"[[1,4,2,3]]"
True,True,True,5,True,True,True,True,True,n4_o068_r1679,2,"[[1,3,4,2],[3,1,4,2]]"
True,True,True,6,True,True,True,True,True,n4_o068_r1680,1,"[[1,4,3,2]]"
True,True,True,3,True,True,True,True,True,n4_o068_r1681,1,"[[2,3,1,4]]"
True,True,True,5,True,True,True,True,True,n4_o068_r1682,2,"[[2,1,4,3],[2,4,1,3]]"
True,True,True,4,True,True,True,True,True,n4_o068_r1683,2,"[[2,3,1,4],[3,2,1,4]]"
True,True,True,6,True,True,True,True,True,n4_o068_r1684,3,"[[1,2,4,3],[2,1,4,3],[2,4,1,3]]"
True,True,True,7,True,True,True,True,True,n4_o068_r1685,1,"[[3,1,4,2]]"
True,True,True,7,True,True,True,True,True,n4_o068_r1686,1,"[[3,1,4,2]]"
True,True,True,6,True,True,True,True,True,n4_o068_r1687,2,"[[2,3,1,4],[2,3,4,1]]"
True,True,True,7,True,True,True,True,True,n4_o068_r1688,5,"[[2,1,3,4],[2,3,1,4],[2,3,4,1],[2,4,1,3],[2,4,3,1]]"
True,True,True,7,True,True,True,True,True,n4_o068_r1689,4,"[[2,3,1,4],[2,3,4,1],[3,2,1,4],[3,2,4,1]]"
True,True,True,8,True,True,True,True,True,n4_o068_r1690,6,"[[1,2,3,4],[2,1,3,4],[2,3,1,4],[2,3,4,1],[2,4,1,3],[2,4,3,1]]"
True,True,True,8,True,True,True,True,True,n4_o068_r1691,3,"[[3,1,2,4],[3,2,1,4],[3,2,4,1]]"
True,True,True,8,True,True,True,True,True,n4_o068_r1692,3,"[[3,1,2,4],[3,2,1,4],[3,2,4,1]]"
True,True,True,2,True,True,True,True,True,n4_o069_r1693,1,"[[1,2,3,4]]"
True,True,True,2,True,True,True,True,True,n4_o069_r1694,1,"[[1,2,4,3]]"
True,True,True,3,True,True,True,True,True,n4_o069_r1695,1,"[[1,3,2,4]]"
True,True,True,4,True,True,True,True,True,n4_o069_r1696,1,"[[1,4,2,3]]"
True,True,True,4,True,True,True,True,True,n4_o069_r1697,2,"[[1,3,2,4],[1,3,4,2]]"
True,True,True,5,True,True,True,True,True,n4_o069_r1698,2,"[[1,4,2,3],[1,4,3,2]]"
True,True,True,2,True,True,True,True,True,n4_o069_r1699,1,"[[2,1,3,4]]"
True,True,True,2,True,True,True,True,True,n4_o069_r1700,1,"[[2,1,4,3]]"
True,True,True,4,True,True,True,True,True,n4_o069_r1701,2,"[[1,3,2,4],[3,1,2,4]]"
True,True,True,5,True,True,True,True,True,n4_o069_r1702,1,"[[1,4,2,3]]"
True,True,True,5,True,True,True,True,True,n4_o069_r1703,4,"[[1,3,2,4],[1,3,4,2],[3,1,2,4],[3,1,4,2]]"
True,True,True,6,True,True,True,True,True,n4_o069_r1704,2,"[[1,4,2,3],[1,4,3,2]]"
True,True,True,4,True,True,True,True,True,n4_o069_r1705,1,"[[2,3,1,4]]"
True,True,True,5,True,True,True,True,True,n4_o069_r1706,1,"[[2,4,1,3]]"
True,True,True,5,True,True,True,True,True,n4_o069_r1707,2,"[[2,3,1,4],[3,2,1,4]]"
True,True,True,6,True,True,True,True,True,n4_o069_r1708,1,"[[2,4,1,3]]"
True,True,True,8,True,True,True,True,True,n4_o069_r1709,4,"[[3,1,2,4],[3,1,4,2],[3,2,1,4],[3,4,1,2]]"
True,True,True,8,True,True,True,True,True,n4_o069_r1710,4,"[[3,1,2,4],[3,1,4,2],[3,2,1,4],[3,4,1,2]]"
True,True,True,5,True,True,True,True,True,n4_o069_r1711,1,"[[2,3,1,4]]"
True,True,True,6,True,True,True,True,True,n4_o069_r1712,1,"[[2,4,1,3]]"
True,True,True,6,True,True,True,True,True,n4_o069_r1713,2,"[[2,3,1,4],[3,2,1,4]]"
True,True,True,7,True,True,True,True,True,n4_o069_r1714,1,"[[2,4,1,3]]"
True,True,True,8,True,True,True,True,True,n4_o069_r1715,3,"[[3,1,2,4],[3,2,1,4],[3,4,1,2]]"
True,True,True,8,True,True,True,True,True,n4_o069_r1716,3,"[[3,1,2,4],[3,2,1,4],[3,4,1,2]]"
True,True,True,1,True,True,True,True,True,n4_o070_r1717,1,"[[1,2,3,4]]"
True,True,True,1,True,True,True,True,True,n4_o070_r1718,1,"[[1,2,4,3]]"
True,True,True,2,True,True,True,True,True,n4_o070_r1719,1,"[[1,3,2,4]]"
True,True,True,3,True,True,True,True,True,n4_o070_r1720,1,"[[1,4,2,3]]"
True,True,True,3,True,True,True,True,True,n4_o070_r1721,1,"[[1,3,4,2]]"
True,True,True,4,True,True,True,True,True,n4_o070_r1722,1,"[[1,4,3,2]]"
True,True,True,1,True,True,True,True,True,n4_o070_r1723,1,"[[2,1,3,4]]"
True,True,True,1,True,True,True,True,True,n4_o070_r1724,1,"[[2,1,4,3]]"
True,True,True,3,True,True,True,True,True,n4_o070_r1725,2,"[[1,3,2,4],[3,1,2,4]]"
True,True,True,4,True,True,True,True,True,n4_o070_r1726,1,"[[1,4,2,3]]"
True,True,True,4,True,True,True,True,True,n4_o070_r1727,2,"[[1,3,4,2],[3,1,4,2]]"
True,True,True,5,True,True,True,True,True,n4_o070_r1728,1,"[[1,4,3,2]]"
True,True,True,3,True,True,True,True,True,n4_o070_r1729,1,"[[2,3,1,4]]"
True,True,True,4,True,True,True,True,True,n4_o070_r1730,1,"[[2,4,1,3]]"
True,True,True,4,True,True,True,True,True,n4_o070_r1731,2,"[[2,3,1,4],[3,2,1,4]]"
True,True,True,5,True,True,True,True,True,n4_o070_r1732,1,"[[2,4,1,3]]"
True,True,True,7,True,True,True,True,True,n4_o070_r1733,2,"[[3,1,4,2],[3,4,1,2]]"
True,True,True,7,True,True,True,True,True,n4_o070_r1734,2,"[[3,1,4,2],[3,4,1,2]]"
True,True,True,5,True,True,True,True,True,n4_o070_r1735,2,"[[2,3,1,4],[2,3,4,1]]"
True,True,True,6,True,True,True,True,True,n4_o070_r1736,2,"[[2,4,1,3],[2,4,3,1]]"
True,True,True,6,True,True,True,True,True,n4_o070_r1737,4,"[[2,3,1,4],[2,3,4,1],[3,2,1,4],[3,2,4,1]]"
True,True,True,7,True,True,True,True,True,n4_o070_r1738,2,"[[2,4,1,3],[2,4,3,1]]"
True,True,True,8,True,True,True,True,True,n4_o070_r1739,5,"[[3,1,2,4],[3,2,1,4],[3,2,4,1],[3,4,1,2],[3,4,2,1]]"
True,True,True,8,True,True,True,True,True,n4_o070_r1740,5,"[[3,1,2,4],[3,2,1,4],[3,2,4,1],[3,4,1,2],[3,4,2,1]]"
True,True,True,1,True,True,True,True,True,n4_o071_r1741,1,"[[1,2,3,4]]"
True,True,True,1,True,True,True,True,True,n4_o071_r1742,1,"[[1,2,4,3]]"
True,True,True,2,True,True,True,True,True,n4_o071_r1743,1,"[[1,3,2,4]]"
True,True,True,3,True,True,True,True,True,n4_o071_r1744,1,"[[1,4,2,3]]"
True,True,True,2,True,True,True,True,True,n4_o071_r1745,1,"[[1,3,4,2]]"
True,True,True,3,True,True,True,True,True,n4_o071_r1746,1,"[[1,4,3,2]]"
True,True,True,1,True,True,True,True,True,n4_o071_r1747,1,"[[2,1,3,4]]"
True,True,True,1,True,True,True,True,True,n4_o071_r1748,1,"[[2,1,4,3]]"
True,True,True,3,True,True,True,True,True,n4_o071_r1749,2,"[[1,3,2,4],[3,1,2,4]]"
True,True,True,4,True,True,True,True,True,n4_o071_r1750,1,"[[1,4,2,3]]"
True,True,True,3,True,True,True,True,True,n4_o071_r1751,2,"[[1,3,4,2],[3,1,4,2]]"
True,True,True,4,True,True,True,True,True,n4_o071_r1752,1,"[[1,4,3,2]]"
True,True,True,3,True,True,True,True,True,n4_o071_r1753,1,"[[2,3,1,4]]"
True,True,True,4,True,True,True,True,True,n4_o071_r1754,1,"[[2,4,1,3]]"
True,True,True,4,True,True,True,True,True,n4_o071_r1755,2,"[[2,3,1,4],[3,2,1,4]]"
True,True,True,5,True,True,True,True,True,n4_o071_r1756,1,"[[2,4,1,3]]"
True,True,True,6,True,True,True,True,True,n4_o071_r1757,1,"[[3,4,1,2]]"
True,True,True,6,True,True,True,True,True,n4_o071_r1758,1,"[[3,4,1,2]]"
True,True,True,4,True,True,True,True,True,n4_o071_r1759,2,"[[2,3,1,4],[2,3,4,1]]"
True,True,True,5,True,True,True,True,True,n4_o071_r1760,2,"[[2,4,1,3],[2,4,3,1]]"
True,True,True,5,True,True,True,True,True,n4_o071_r1761,4,"[[2,3,1,4],[2,3,4,1],[3,2,1,4],[3,2,4,1]]"
True,True,True,6,True,True,True,True,True,n4_o071_r1762,2,"[[2,4,1,3],[2,4,3,1]]"
True,True,True,7,True,True,True,True,True,n4_o071_r1763,2,"[[3,4,1,2],[3,4,2,1]]"
True,True,True,7,True,True,True,True,True,n4_o071_r1764,2,"[[3,4,1,2],[3,4,2,1]]"
True,True,True,5,True,True,True,True,True,n4_o072_r1765,1,"[[1,2,3,4]]"
True,True,True,5,True,True,True,True,True,n4_o072_r1766,1,"[[1,2,3,4]]"
True,True,True,5,True,True,True,True,True,n4_o072_r1767,1,"[[1,3,2,4]]"
True,True,True,6,True,True,True,True,True,n4_o072_r1768,1,"[[1,2,3,4]]"
True,True,True,5,True,True,True,True,True,n4_o072_r1769,1,"[[1,3,2,4]]"
True,True,True,6,True,True,True,True,True,n4_o072_r1770,1,"[[1,3,2,4]]"
True,True,True,5,True,True,True,True,True,n4_o072_r1771,1,"[[2,1,3,4]]"
True,True,True,5,True,True,True,True,True,n4_o072_r1772,1,"[[2,1,3,4]]"
True,True,True,6,True,True,True,True,True,n4_o072_r1773,1,"[[3,1,2,4]]"
True,True,True,8,True,True,True,True,True,n4_o072_r1774,2,"[[1,2,3,4],[2,1,3,4]]"
True,True,True,6,True,True,True,True,True,n4_o072_r1775,1,"[[3,1,2,4]]"
True,True,True,8,True,True,True,True,True,n4_o072_r1776,2,"[[1,3,2,4],[3,1,2,4]]"
True,True,True,6,True,True,True,True,True,n4_o072_r1777,2,"[[2,1,3,4],[2,3,1,4]]"
True,True,True,6,True,True,True,True,True,n4_o072_r1778,1,"[[2,1,3,4]]"
True,True,True,7,True,True,True,True,True,n4_o072_r1779,2,"[[3,1,2,4],[3,2,1,4]]"
True,True,True,8,True,True,True,True,True,n4_o072_r1780,2,"[[1,2,3,4],[2,1,3,4]]"
True,True,True,7,True,True,True,True,True,n4_o072_r1781,1,"[[3,1,2,4]]"
True,True,True,8,True,True,True,True,True,n4_o072_r1782,2,"[[1,3,2,4],[3,1,2,4]]"
True,True,True,6,True,True,True,True,True,n4_o072_r1783,1,"[[2,3,1,4]]"
True,True,True,6,True,True,True,True,True,n4_o072_r1784,1,"[[2,3,1,4]]"
True,True,True,7,True,True,True,True,True,n4_o072_r1785,1,"[[3,2,1,4]]"
True,True,True,8,True,True,True,True,True,n4_o072_r1786,1,"[[2,3,1,4]]"
True,True,True,7,True,True,True,True,True,n4_o072_r1787,1,"[[3,2,1,4]]"
True,True,True,8,True,True,True,True,True,n4_o072_r1788,1,"[[3,2,1,4]]"
True,True,True,4,True,True,True,True,True,n4_o073_r1789,1,"[[1,2,3,4]]"
True,True,True,5,True,True,True,True,True,n4_o073_r1790,2,"[[1,2,3,4],[1,2,4,3]]"
True,True,True,4,True,True,True,True,True,n4_o073_r1791,1,"[[1,3,2,4]]"
True,True,True,6,True,True,True,True,True,n4_o073_r1792,3,"[[1,2,3,4],[1,2,4,3],[1,4,2,3]]"
True,True,True,5,True,True,True,True,True,n4_o073_r1793,1,"[[1,3,2,4]]"
True,True,True,6,True,True,True,True,True,n4_o073_r1794,2,"[[1,3,2,4],[1,4,2,3]]"
True,True,True,4,True,True,True,True,True,n4_o073_r1795,1,"[[2,1,3,4]]"
True,True,True,5,True,True,True,True,True,n4_o073_r1796,2,"[[2,1,3,4],[2,1,4,3]]"
True,True,True,5,True,True,True,True,True,n4_o073_r1797,1,"[[3,1,2,4]]"
True,True,True,8,True,True,True,True,True,n4_o073_r1798,6,"[[1,2,3,4],[1,2,4,3],[1,4,2,3],[2,1,3,4],[2,1,4,3],[4,1,2,3]]"
True,True,True,6,True,True,True,True,True,n4_o073_r1799,1,"[[3,1,2,4]]"
True,True,True,8,True,True,True,True,True,n4_o073_r1800,4,"[[1,3,2,4],[1,4,2,3],[3,1,2,4],[4,1,2,3]]"
True,True,True,5,True,True,True,True,True,n4_o073_r1801,2,"[[2,1,3,4],[2,3,1,4]]"
True,True,True,6,True,True,True,True,True,n4_o073_r1802,2,"[[2,1,3,4],[2,1,4,3]]"
True,True,True,6,True,True,True,True,True,n4_o073_r1803,2,"[[3,1,2,4],[3,2,1,4]]"
True,True,True,8,True,True,True,True,True,n4_o073_r1804,5,"[[1,2,3,4],[1,2,4,3],[2,1,3,4],[2,1,4,3],[4,1,2,3]]"
True,True,True,7,True,True,True,True,True,n4_o073_r1805,1,"[[3,1,2,4]]"
True,True,True,8,True,True,True,True,True,n4_o073_r1806,3,"[[1,3,2,4],[3,1,2,4],[4,1,2,3]]"
True,True,True,6,True,True,True,True,True,n4_o073_r1807,1,"[[2,3,1,4]]"
True,True,True,6,True,True,True,True,True,n4_o073_r1808,1,"[[2,3,1,4]]"
True,True,True,7,True,True,True,True,True,n4_o073_r1809,1,"[[3,2,1,4]]"
True,True,True,8,True,True,True,True,True,n4_o073_r1810,1,"[[2,3,1,4]]"
True,True,True,7,True,True,True,True,True,n4_o073_r1811,1,"[[3,2,1,4]]"
True,True,True,8,True,True,True,True,True,n4_o073_r1812,1,"[[3,2,1,4]]"
True,True,True,3,True,True,True,True,True,n4_o074_r1813,1,"[[1,2,3,4]]"
True,True,True,4,True,True,True,True,True,n4_o074_r1814,1,"[[1,2,4,3]]"
True,True,True,3,True,True,True,True,True,n4_o074_r1815,1,"[[1,3,2,4]]"
True,True,True,5,True,True,True,True,True,n4_o074_r1816,2,"[[1,2,4,3],[1,4,2,3]]"
True,True,True,5,True,True,True,True,True,n4_o074_r1817,2,"[[1,3,2,4],[1,3,4,2]]"
True,True,True,6,True,True,True,True,True,n4_o074_r1818,4,"[[1,3,2,4],[1,3,4,2],[1,4,2,3],[1,4,3,2]]"
True,True,True,3,True,True,True,True,True,n4_o074_r1819,1,"[[2,1,3,4]]"
True,True,True,4,True,True,True,True,True,n4_o074_r1820,1,"[[2,1,4,3]]"
True,True,True,4,True,True,True,True,True,n4_o074_r1821,1,"[[3,1,2,4]]"
True,True,True,7,True,True,True,True,True,n4_o074_r1822,4,"[[1,2,4,3],[1,4,2,3],[2,1,4,3],[4,1,2,3]]"
True,True,True,6,True,True,True,True,True,n4_o074_r1823,2,"[[3,1,2,4],[3,1,4,2]]"
True,True,True,8,True,True,True,True,True,n4_o074_r1824,8,"[[1,3,2,4],[1,3,4,2],[1,4,2,3],[1,4,3,2],[3,1,2,4],[3,1,4,2],[4,1,2,3],[4,1,3,2]]"
True,True,True,4,True,True,True,True,True,n4_o074_r1825,2,"[[2,1,3,4],[2,3,1,4]]"
True,True,True,5,True,True,True,True,True,n4_o074_r1826,1,"[[2,1,4,3]]"
True,True,True,5,True,True,True,True,True,n4_o074_r1827,2,"[[3,1,2,4],[3,2,1,4]]"
True,True,True,7,True,True,True,True,True,n4_o074_r1828,3,"[[1,2,4,3],[2,1,4,3],[4,1,2,3]]"
True,True,True,7,True,True,True,True,True,n4_o074_r1829,2,"[[3,1,2,4],[3,1,4,2]]"
True,True,True,8,True,True,True,True,True,n4_o074_r1830,6,"[[1,3,2,4],[1,3,4,2],[3,1,2,4],[3,1,4,2],[4,1,2,3],[4,1,3,2]]"
True,True,True,6,True,True,True,True,True,n4_o074_r1831,1,"[[2,3,1,4]]"
True,True,True,6,True,True,True,True,True,n4_o074_r1832,1,"[[2,3,1,4]]"
True,True,True,7,True,True,True,True,True,n4_o074_r1833,1,"[[3,2,1,4]]"
True,True,True,8,True,True,True,True,True,n4_o074_r1834,1,"[[2,3,1,4]]"
True,True,True,7,True,True,True,True,True,n4_o074_r1835,1,"[[3,2,1,4]]"
True,True,True,8,True,True,True,True,True,n4_o074_r1836,1,"[[3,2,1,4]]"
True,True,True,2,True,True,True,True,True,n4_o075_r1837,1,"[[1,2,3,4]]"
True,True,True,3,True,True,True,True,True,n4_o075_r1838,1,"[[1,2,4,3]]"
True,True,True,2,True,True,True,True,True,n4_o075_r1839,1,"[[1,3,2,4]]"
True,True,True,4,True,True,True,True,True,n4_o075_r1840,2,"[[1,2,4,3],[1,4,2,3]]"
True,True,True,4,True,True,True,True,True,n4_o075_r1841,1,"[[1,3,4,2]]"
True,True,True,5,True,True,True,True,True,n4_o075_r1842,2,"[[1,3,4,2],[1,4,3,2]]"
True,True,True,2,True,True,True,True,True,n4_o075_r1843,1,"[[2,1,3,4]]"
True,True,True,3,True,True,True,True,True,n4_o075_r1844,1,"[[2,1,4,3]]"
True,True,True,3,True,True,True,True,True,n4_o075_r1845,1,"[[3,1,2,4]]"
True,True,True,6,True,True,True,True,True,n4_o075_r1846,4,"[[1,2,4,3],[1,4,2,3],[2,1,4,3],[4,1,2,3]]"
True,True,True,5,True,True,True,True,True,n4_o075_r1847,1,"[[3,1,4,2]]"
True,True,True,7,True,True,True,True,True,n4_o075_r1848,4,"[[1,3,4,2],[1,4,3,2],[3,1,4,2],[4,1,3,2]]"
True,True,True,3,True,True,True,True,True,n4_o075_r1849,2,"[[2,1,3,4],[2,3,1,4]]"
True,True,True,4,True,True,True,True,True,n4_o075_r1850,1,"[[2,1,4,3]]"
True,True,True,4,True,True,True,True,True,n4_o075_r1851,2,"[[3,1,2,4],[3,2,1,4]]"
True,True,True,6,True,True,True,True,True,n4_o075_r1852,3,"[[1,2,4,3],[2,1,4,3],[4,1,2,3]]"
True,True,True,6,True,True,True,True,True,n4_o075_r1853,1,"[[3,1,4,2]]"
True,True,True,7,True,True,True,True,True,n4_o075_r1854,3,"[[1,3,4,2],[3,1,4,2],[4,1,3,2]]"
True,True,True,6,True,True,True,True,True,n4_o075_r1855,2,"[[2,3,1,4],[2,3,4,1]]"
True,True,True,6,True,True,True,True,True,n4_o075_r1856,2,"[[2,3,1,4],[2,3,4,1]]"
True,True,True,7,True,True,True,True,True,n4_o075_r1857,2,"[[3,2,1,4],[3,2,4,1]]"
True,True,True,8,True,True,True,True,True,n4_o075_r1858,2,"[[2,3,1,4],[2,3,4,1]]"
True,True,True,7,True,True,True,True,True,n4_o075_r1859,2,"[[3,2,1,4],[3,2,4,1]]"
True,True,True,8,True,True,True,True,True,n4_o075_r1860,2,"[[3,2,1,4],[3,2,4,1]]"
True,True,True,3,True,True,True,True,True,n4_o076_r1861,1,"[[1,2,3,4]]"
True,True,True,4,True,True,True,True,True,n4_o076_r1862,2,"[[1,2,3,4],[1,2,4,3]]"
True,True,True,3,True,True,True,True,True,n4_o076_r1863,1,"[[1,3,2,4]]"
True,True,True,5,True,True,True,True,True,n4_o076_r1864,1,"[[1,4,2,3]]"
True,True,True,4,True,True,True,True,True,n4_o076_r1865,1,"[[1,3,2,4]]"
True,True,True,5,True,True,,,,n4_o076_r1866,1,"[[1,4,2,3]]"
True,True,True,3,True,True,True,True,True,n4_o076_r1867,1,"[[2,1,3,4]]"
True,True,True,4,True,True,True,True,True,n4_o076_r1868,2,"[[2,1,3,4],[2,1,4,3]]"
True,True,True,4,True,True,True,True,True,n4_o076_r1869,1,"[[3,1,2,4]]"
True,True,True,7,True,True,True,True,True,n4_o076_r1870,2,"[[1,4,2,3],[4,1,2,3]]"
True,True,True,5,True,True,True,True,True,n4_o076_r1871,1,"[[3,1,2,4]]"
True,True,True,7,True,True,,,,n4_o076_r1872,2,"[[1,4,2,3],[4,1,2,3]]"
True,True,True,4,True,True,True,True,True,n4_o076_r1873,1,"[[2,3,1,4]]"
True,True,True,6,True,True,True,True,True,n4_o076_r1874,4,"[[2,1,3,4],[2,1,4,3],[2,3,1,4],[2,4,1,3]]"
True,True,True,5,True,True,True,True,True,n4_o076_r1875,1,"[[3,2,1,4]]"
True,True,True,8,True,True,True,True,True,n4_o076_r1876,8,"[[1,2,3,4],[1,2,4,3],[2,1,3,4],[2,1,4,3],[2,3,1,4],[2,4,1,3],[4,1,2,3],[4,2,1,3]]"
True,True,True,7,True,True,True,True,True,n4_o076_r1877,2,"[[3,1,2,4],[3,2,1,4]]"
True,True,True,8,True,True,True,True,True,n4_o076_r1878,4,"[[1,3,2,4],[3,1,2,4],[3,2,1,4],[4,1,2,3]]"
True,True,True,5,True,True,True,True,True,n4_o076_r1879,1,"[[2,3,1,4]]"
True,True,True,6,True,True,True,True,True,n4_o076_r1880,3,"[[2,1,3,4],[2,3,1,4],[2,4,1,3]]"
True,True,True,6,True,True,True,True,True,n4_o076_r1881,1,"[[3,2,1,4]]"
True,True,True,8,True,True,True,True,True,n4_o076_r1882,5,"[[1,2,3,4],[2,1,3,4],[2,3,1,4],[2,4,1,3],[4,2,1,3]]"
True,True,True,7,True,True,True,True,True,n4_o076_r1883,2,"[[3,1,2,4],[3,2,1,4]]"
True,True,True,8,True,True,True,True,True,n4_o076_r1884,4,"[[1,3,2,4],[3,1,2,4],[3,2,1,4],[4,2,1,3]]"
True,True,True,2,True,True,True,True,True,n4_o077_r1885,1,"[[1,2,3,4]]"
True,True,True,3,True,True,True,True,True,n4_o077_r1886,1,"[[1,2,4,3]]"
True,True,True,2,True,True,True,True,True,n4_o077_r1887,1,"[[1,3,2,4]]"
True,True,True,4,True,True,True,True,True,n4_o077_r1888,1,"[[1,4,2,3]]"
True,True,True,4,True,True,True,True,True,n4_o077_r1889,2,"[[1,3,2,4],[1,3,4,2]]"
True,True,True,5,True,True,True,True,True,n4_o077_r1890,2,"[[1,4,2,3],[1,4,3,2]]"
True,True,True,2,True,True,True,True,True,n4_o077_r1891,1,"[[2,1,3,4]]"
True,True,True,3,True,True,True,True,True,n4_o077_r1892,1,"[[2,1,4,3]]"
True,True,True,3,True,True,True,True,True,n4_o077_r1893,1,"[[3,1,2,4]]"
True,True,True,6,True,True,True,True,True,n4_o077_r1894,2,"[[1,4,2,3],[4,1,2,3]]"
True,True,True,5,True,True,True,True,True,n4_o077_r1895,2,"[[3,1,2,4],[3,1,4,2]]"
True,True,True,7,True,True,True,True,True,n4_o077_r1896,4,"[[1,4,2,3],[1,4,3,2],[4,1,2,3],[4,1,3,2]]"
True,True,True,3,True,True,True,True,True,n4_o077_r1897,1,"[[2,3,1,4]]"
True,True,True,5,True,True,True,True,True,n4_o077_r1898,2,"[[2,1,4,3],[2,4,1,3]]"
True,True,True,4,True,True,True,True,True,n4_o077_r1899,1,"[[3,2,1,4]]"
True,True,True,7,True,True,True,True,True,n4_o077_r1900,5,"[[1,2,4,3],[2,1,4,3],[2,4,1,3],[4,1,2,3],[4,2,1,3]]"
True,True,True,7,True,True,True,True,True,n4_o077_r1901,3,"[[3,1,2,4],[3,1,4,2],[3,2,1,4]]"
True,True,True,8,True,True,True,True,True,n4_o077_r1902,7,"[[1,3,2,4],[1,3,4,2],[3,1,2,4],[3,1,4,2],[3,2,1,4],[4,1,2,3],[4,1,3,2]]"
True,True,True,5,True,True,True,True,True,n4_o077_r1903,1,"[[2,3,1,4]]"
True,True,True,6,True,True,True,True,True,n4_o077_r1904,3,"[[2,1,3,4],[2,3,1,4],[2,4,1,3]]"
True,True,True,6,True,True,True,True,True,n4_o077_r1905,1,"[[3,2,1,4]]"
True,True,True,8,True,True,True,True,True,n4_o077_r1906,5,"[[1,2,3,4],[2,1,3,4],[2,3,1,4],[2,4,1,3],[4,2,1,3]]"
True,True,True,7,True,True,True,True,True,n4_o077_r1907,2,"[[3,1,2,4],[3,2,1,4]]"
True,True,True,8,True,True,True,True,True,n4_o077_r1908,4,"[[1,3,2,4],[3,1,2,4],[3,2,1,4],[4,2,1,3]]"
True,True,True,1,True,True,True,True,True,n4_o078_r1909,1,"[[1,2,3,4]]"
True,True,True,2,True,True,True,True,True,n4_o078_r1910,1,"[[1,2,4,3]]"
True,True,True,1,True,True,True,True,True,n4_o078_r1911,1,"[[1,3,2,4]]"
True,True,True,3,True,True,True,True,True,n4_o078_r1912,1,"[[1,4,2,3]]"
True,True,True,3,True,True,True,True,True,n4_o078_r1913,1,"[[1,3,4,2]]"
True,True,True,4,True,True,True,True,True,n4_o078_r1914,1,"[[1,4,3,2]]"
True,True,True,1,True,True,True,True,True,n4_o078_r1915,1,"[[2,1,3,4]]"
True,True,True,2,True,True,True,True,True,n4_o078_r1916,1,"[[2,1,4,3]]"
True,True,True,2,True,True,True,True,True,n4_o078_r1917,1,"[[3,1,2,4]]"
True,True,True,5,True,True,True,True,True,n4_o078_r1918,2,"[[1,4,2,3],[4,1,2,3]]"
True,True,True,4,True,True,True,True,True,n4_o078_r1919,1,"[[3,1,4,2]]"
True,True,True,6,True,True,True,True,True,n4_o078_r1920,2,"[[1,4,3,2],[4,1,3,2]]"
True,True,True,2,True,True,True,True,True,n4_o078_r1921,1,"[[2,3,1,4]]"
True,True,True,4,True,True,True,True,True,n4_o078_r1922,2,"[[2,1,4,3],[2,4,1,3]]"
True,True,True,3,True,True,True,True,True,n4_o078_r1923,1,"[[3,2,1,4]]"
True,True,True,6,True,True,True,True,True,n4_o078_r1924,5,"[[1,2,4,3],[2,1,4,3],[2,4,1,3],[4,1,2,3],[4,2,1,3]]"
True,True,True,6,True,True,True,True,True,n4_o078_r1925,1,"[[3,1,4,2]]"
True,True,True,7,True,True,True,True,True,n4_o078_r1926,3,"[[1,3,4,2],[3,1,4,2],[4,1,3,2]]"
True,True,True,5,True,True,True,True,True,n4_o078_r1927,2,"[[2,3,1,4],[2,3,4,1]]"
True,True,True,6,True,True,True,True,True,n4_o078_r1928,5,"[[2,1,3,4],[2,3,1,4],[2,3,4,1],[2,4,1,3],[2,4,3,1]]"
True,True,True,6,True,True,True,True,True,n4_o078_r1929,2,"[[3,2,1,4],[3,2,4,1]]"
True,True,True,8,True,True,True,True,True,n4_o078_r1930,8,"[[1,2,3,4],[2,1,3,4],[2,3,1,4],[2,3,4,1],[2,4,1,3],[2,4,3,1],[4,2,1,3],[4,2,3,1]]"
True,True,True,7,True,True,True,True,True,n4_o078_r1931,3,"[[3,1,2,4],[3,2,1,4],[3,2,4,1]]"
True,True,True,8,True,True,True,True,True,n4_o078_r1932,6,"[[1,3,2,4],[3,1,2,4],[3,2,1,4],[3,2,4,1],[4,2,1,3],[4,2,3,1]]"
True,True,True,2,True,True,True,True,True,n4_o079_r1933,1,"[[1,2,3,4]]"
True,True,True,2,True,True,True,True,True,n4_o079_r1934,1,"[[1,2,4,3]]"
True,True,True,2,True,True,True,True,True,n4_o079_r1935,1,"[[1,3,2,4]]"
True,True,True,3,True,True,True,True,True,n4_o079_r1936,1,"[[1,4,2,3]]"
True,True,True,3,True,True,True,True,True,n4_o079_r1937,2,"[[1,3,2,4],[1,3,4,2]]"
True,True,True,4,True,True,True,True,True,n4_o079_r1938,2,"[[1,4,2,3],[1,4,3,2]]"
True,True,True,2,True,True,True,True,True,n4_o079_r1939,1,"[[2,1,3,4]]"
True,True,True,2,True,True,True,True,True,n4_o079_r1940,1,"[[2,1,4,3]]"
True,True,True,3,True,True,True,True,True,n4_o079_r1941,1,"[[3,1,2,4]]"
True,True,True,5,True,True,True,True,True,n4_o079_r1942,2,"[[1,4,2,3],[4,1,2,3]]"
True,True,True,4,True,True,True,True,True,n4_o079_r1943,2,"[[3,1,2,4],[3,1,4,2]]"
True,True,True,6,True,True,True,True,True,n4_o079_r1944,4,"[[1,4,2,3],[1,4,3,2],[4,1,2,3],[4,1,3,2]]"
True,True,True,3,True,True,True,True,True,n4_o079_r1945,1,"[[2,3,1,4]]"
True,True,True,4,True,True,True,True,True,n4_o079_r1946,1,"[[2,4,1,3]]"
True,True,True,4,True,True,True,True,True,n4_o079_r1947,1,"[[3,2,1,4]]"
True,True,True,6,True,True,True,True,True,n4_o079_r1948,2,"[[2,4,1,3],[4,2,1,3]]"
True,True,True,7,True,True,True,True,True,n4_o079_r1949,4,"[[3,1,2,4],[3,1,4,2],[3,2,1,4],[3,4,1,2]]"
True,True,True,8,True,True,True,True,True,n4_o079_r1950,10,"[[1,3,2,4],[1,3,4,2],[3,1,2,4],[3,1,4,2],[3,2,1,4],[3,4,1,2],[4,1,2,3],[4,1,3,2],[4,2,1,3],[4,3,1,2]]"
True,True,True,4,True,True,True,True,True,n4_o079_r1951,1,"[[2,3,1,4]]"
True,True,True,5,True,True,True,True,True,n4_o079_r1952,1,"[[2,4,1,3]]"
True,True,True,5,True,True,True,True,True,n4_o079_r1953,1,"[[3,2,1,4]]"
True,True,True,7,True,True,True,True,True,n4_o079_r1954,2,"[[2,4,1,3],[4,2,1,3]]"
True,True,True,7,True,True,True,True,True,n4_o079_r1955,3,"[[3,1,2,4],[3,2,1,4],[3,4,1,2]]"
True,True,True,8,True,True,True,True,True,n4_o079_r1956,7,"[[1,3,2,4],[3,1,2,4],[3,2,1,4],[3,4,1,2],[4,1,2,3],[4,2,1,3],[4,3,1,2]]"
True,True,True,1,True,True,True,True,True,n4_o080_r1957,1,"[[1,2,3,4]]"
True,True,True,1,True,True,True,True,True,n4_o080_r1958,1,"[[1,2,4,3]]"
True,True,True,1,True,True,True,True,True,n4_o080_r1959,1,"[[1,3,2,4]]"
True,True,True,2,True,True,True,True,True,n4_o080_r1960,1,"[[1,4,2,3]]"
True,True,True,2,True,True,True,True,True,n4_o080_r1961,1,"[[1,3,4,2]]"
True,True,True,3,True,True,True,True,True,n4_o080_r1962,1,"[[1,4,3,2]]"
True,True,True,1,True,True,True,True,True,n4_o080_r1963,1,"[[2,1,3,4]]"
True,True,True,1,True,True,True,True,True,n4_o080_r1964,1,"[[2,1,4,3]]"
True,True,True,2,True,True,True,True,True,n4_o080_r1965,1,"[[3,1,2,4]]"
True,True,True,4,True,True,True,True,True,n4_o080_r1966,2,"[[1,4,2,3],[4,1,2,3]]"
True,True,True,3,True,True,True,True,True,n4_o080_r1967,1,"[[3,1,4,2]]"
True,True,True,5,True,True,True,True,True,n4_o080_r1968,2,"[[1,4,3,2],[4,1,3,2]]"
True,True,True,2,True,True,True,True,True,n4_o080_r1969,1,"[[2,3,1,4]]"
True,True,True,3,True,True,True,True,True,n4_o080_r1970,1,"[[2,4,1,3]]"
True,True,True,3,True,True,True,True,True,n4_o080_r1971,1,"[[3,2,1,4]]"
True,True,True,5,True,True,True,True,True,n4_o080_r1972,2,"[[2,4,1,3],[4,2,1,3]]"
True,True,True,6,True,True,True,True,True,n4_o080_r1973,2,"[[3,1,4,2],[3,4,1,2]]"
True,True,True,7,True,True,True,True,True,n4_o080_r1974,5,"[[1,3,4,2],[3,1,4,2],[3,4,1,2],[4,1,3,2],[4,3,1,2]]"
True,True,True,4,True,True,True,True,True,n4_o080_r1975,2,"[[2,3,1,4],[2,3,4,1]]"
True,True,True,5,True,True,True,True,True,n4_o080_r1976,2,"[[2,4,1,3],[2,4,3,1]]"
True,True,True,5,True,True,True,True,True,n4_o080_r1977,2,"[[3,2,1,4],[3,2,4,1]]"
True,True,True,7,True,True,True,True,True,n4_o080_r1978,4,"[[2,4,1,3],[2,4,3,1],[4,2,1,3],[4,2,3,1]]"
True,True,True,7,True,True,True,True,True,n4_o080_r1979,5,"[[3,1,2,4],[3,2,1,4],[3,2,4,1],[3,4,1,2],[3,4,2,1]]"
True,True,True,8,True,True,True,True,True,n4_o080_r1980,11,"[[1,3,2,4],[3,1,2,4],[3,2,1,4],[3,2,4,1],[3,4,1,2],[3,4,2,1],[4,1,2,3],[4,2,1,3],[4,2,3,1],[4,3,1,2],[4,3,2,1]]"
True,True,True,1,True,True,True,True,True,n4_o081_r1981,1,"[[1,2,3,4]]"
True,True,True,1,True,True,True,True,True,n4_o081_r1982,1,"[[1,2,4,3]]"
True,True,True,1,True,True,True,True,True,n4_o081_r1983,1,"[[1,3,2,4]]"
True,True,True,2,True,True,True,True,True,n4_o081_r1984,1,"[[1,4,2,3]]"
True,True,True,1,True,True,True,True,True,n4_o081_r1985,1,"[[1,3,4,2]]"
True,True,True,2,True,True,True,True,True,n4_o081_r1986,1,"[[1,4,3,2]]"
True,True,True,1,True,True,True,True,True,n4_o081_r1987,1,"[[2,1,3,4]]"
True,True,True,1,True,True,True,True,True,n4_o081_r1988,1,"[[2,1,4,3]]"
True,True,True,2,True,True,True,True,True,n4_o081_r1989,1,"[[3,1,2,4]]"
True,True,True,4,True,True,True,True,True,n4_o081_r1990,2,"[[1,4,2,3],[4,1,2,3]]"
True,True,True,2,True,True,True,True,True,n4_o081_r1991,1,"[[3,1,4,2]]"
True,True,True,4,True,True,True,True,True,n4_o081_r1992,2,"[[1,4,3,2],[4,1,3,2]]"
True,True,True,2,True,True,True,True,True,n4_o081_r1993,1,"[[2,3,1,4]]"
True,True,True,3,True,True,True,True,True,n4_o081_r1994,1,"[[2,4,1,3]]"
True,True,True,3,True,True,True,True,True,n4_o081_r1995,1,"[[3,2,1,4]]"
True,True,True,5,True,True,True,True,True,n4_o081_r1996,2,"[[2,4,1,3],[4,2,1,3]]"
True,True,True,5,True,True,True,True,True,n4_o081_r1997,1,"[[3,4,1,2]]"
True,True,True,6,True,True,True,True,True,n4_o081_r1998,2,"[[3,4,1,2],[4,3,1,2]]"
True,True,True,3,True,True,True,True,True,n4_o081_r1999,2,"[[2,3,1,4],[2,3,4,1]]"
True,True,True,4,True,True,True,True,True,n4_o081_r2000,2,"[[2,4,1,3],[2,4,3,1]]"
True,True,True,4,True,True,True,True,True,n4_o081_r2001,2,"[[3,2,1,4],[3,2,4,1]]"
True,True,True,6,True,True,True,True,True,n4_o081_r2002,4,"[[2,4,1,3],[2,4,3,1],[4,2,1,3],[4,2,3,1]]"
True,True,True,6,True,True,True,True,True,n4_o081_r2003,2,"[[3,4,1,2],[3,4,2,1]]"
True,True,True,7,True,True,True,True,True,n4_o081_r2004,4,"[[3,4,1,2],[3,4,2,1],[4,3,1,2],[4,3,2,1]]"
True,True,True,3,True,True,True,True,True,n4_o082_r2005,1,"[[1,2,3,4]]"
True,True,True,4,True,True,True,True,True,n4_o082_r2006,2,"[[1,2,3,4],[1,2,4,3]]"
True,True,True,3,True,True,True,True,True,n4_o082_r2007,1,"[[1,3,2,4]]"
True,True,True,4,True,True,True,True,True,n4_o082_r2008,1,"[[1,4,2,3]]"
True,True,True,4,True,True,True,True,True,n4_o082_r2009,1,"[[1,3,2,4]]"
True,True,True,4,True,True,,,,n4_o082_r2010,1,"[[1,4,2,3]]"
True,True,True,3,True,True,True,True,True,n4_o082_r2011,1,"[[2,1,3,4]]"
True,True,True,4,True,True,True,True,True,n4_o082_r2012,2,"[[2,1,3,4],[2,1,4,3]]"
True,True,True,4,True,True,True,True,True,n4_o082_r2013,1,"[[3,1,2,4]]"
True,True,True,6,True,True,True,True,True,n4_o082_r2014,1,"[[4,1,2,3]]"
True,True,True,5,True,True,True,True,True,n4_o082_r2015,1,"[[3,1,2,4]]"
True,True,True,6,True,,,,,n4_o082_r2016,1,"[[4,1,2,3]]"
True,True,True,3,True,True,True,True,True,n4_o082_r2017,1,"[[2,3,1,4]]"
True,True,True,5,True,True,True,True,True,n4_o082_r2018,4,"[[2,1,3,4],[2,1,4,3],[2,3,1,4],[2,4,1,3]]"
True,True,True,4,True,True,True,True,True,n4_o082_r2019,1,"[[3,2,1,4]]"
True,True,True,7,True,True,True,True,True,n4_o082_r2020,2,"[[4,1,2,3],[4,2,1,3]]"
True,True,True,6,True,True,True,True,True,n4_o082_r2021,2,"[[3,1,2,4],[3,2,1,4]]"
True,True,True,7,True,,,,,n4_o082_r2022,1,"[[4,1,2,3]]"
True,True,True,4,True,True,True,True,True,n4_o082_r2023,1,"[[2,3,1,4]]"
True,True,True,5,True,True,True,True,True,n4_o082_r2024,3,"[[2,1,3,4],[2,3,1,4],[2,4,1,3]]"
True,True,True,5,True,True,True,True,True,n4_o082_r2025,1,"[[3,2,1,4]]"
True,True,True,7,True,,,,,n4_o082_r2026,1,"[[4,2,1,3]]"
True,True,True,6,True,True,True,True,True,n4_o082_r2027,2,"[[3,1,2,4],[3,2,1,4]]"
True,True,True,7,True,,,,,n4_o082_r2028,1,"[[4,2,1,3]]"
True,True,True,2,True,True,True,True,True,n4_o083_r2029,1,"[[1,2,3,4]]"
True,True,True,3,True,True,True,True,True,n4_o083_r2030,1,"[[1,2,4,3]]"
True,True,True,2,True,True,True,True,True,n4_o083_r2031,1,"[[1,3,2,4]]"
True,True,True,3,True,True,True,True,True,n4_o083_r2032,1,"[[1,4,2,3]]"
True,True,True,4,True,True,True,True,True,n4_o083_r2033,2,"[[1,3,2,4],[1,3,4,2]]"
True,True,True,4,True,True,True,True,True,n4_o083_r2034,2,"[[1,4,2,3],[1,4,3,2]]"
True,True,True,2,True,True,True,True,True,n4_o083_r2035,1,"[[2,1,3,4]]"
True,True,True,3,True,True,True,True,True,n4_o083_r2036,1,"[[2,1,4,3]]"
True,True,True,3,True,True,True,True,True,n4_o083_r2037,1,"[[3,1,2,4]]"
True,True,True,5,True,True,True,True,True,n4_o083_r2038,1,"[[4,1,2,3]]"
True,True,True,5,True,True,True,True,True,n4_o083_r2039,2,"[[3,1,2,4],[3,1,4,2]]"
True,True,True,6,True,,True,True,,n4_o083_r2040,2,"[[4,1,2,3],[4,1,3,2]]"
True,True,True,2,True,True,True,True,True,n4_o083_r2041,1,"[[2,3,1,4]]"
True,True,True,4,True,True,True,True,True,n4_o083_r2042,2,"[[2,1,4,3],[2,4,1,3]]"
True,True,True,3,True,True,True,True,True,n4_o083_r2043,1,"[[3,2,1,4]]"
True,True,True,6,True,True,True,True,True,n4_o083_r2044,2,"[[4,1,2,3],[4,2,1,3]]"
True,True,True,6,True,True,True,True,True,n4_o083_r2045,3,"[[3,1,2,4],[3,1,4,2],[3,2,1,4]]"
True,True,True,7,True,,True,,,n4_o083_r2046,2,"[[4,1,2,3],[4,1,3,2]]"
True,True,True,4,True,True,True,True,True,n4_o083_r2047,1,"[[2,3,1,4]]"
True,True,True,5,True,True,True,True,True,n4_o083_r2048,3,"[[2,1,3,4],[2,3,1,4],[2,4,1,3]]"
True,True,True,5,True,True,True,True,True,n4_o083_r2049,1,"[[3,2,1,4]]"
True,True,True,7,True,,,,,n4_o083_r2050,1,"[[4,2,1,3]]"
True,True,True,6,True,True,True,True,True,n4_o083_r2051,2,"[[3,1,2,4],[3,2,1,4]]"
True,True,True,7,True,,,,,n4_o083_r2052,1,"[[4,2,1,3]]"
True,True,True,1,True,True,True,True,True,n4_o084_r2053,1,"[[1,2,3,4]]"
True,True,True,2,True,True,True,True,True,n4_o084_r2054,1,"[[1,2,4,3]]"
True,True,True,1,True,True,True,True,True,n4_o084_r2055,1,"[[1,3,2,4]]"
True,True,True,2,True,True,True,True,True,n4_o084_r2056,1,"[[1,4,2,3]]"
True,True,True,3,True,True,True,True,True,n4_o084_r2057,1,"[[1,3,4,2]]"
True,True,True,3,True,True,True,True,True,n4_o084_r2058,1,"[[1,4,3,2]]"
True,True,True,1,True,True,True,True,True,n4_o084_r2059,1,"[[2,1,3,4]]"
True,True,True,2,True,True,True,True,True,n4_o084_r2060,1,"[[2,1,4,3]]"
True,True,True,2,True,True,True,True,True,n4_o084_r2061,1,"[[3,1,2,4]]"
True,True,True,4,True,True,True,True,True,n4_o084_r2062,1,"[[4,1,2,3]]"
True,True,True,4,True,True,True,True,True,n4_o084_r2063,1,"[[3,1,4,2]]"
True,True,True,5,True,,True,True,,n4_o084_r2064,1,"[[4,1,3,2]]"
True,True,True,1,True,True,True,True,True,n4_o084_r2065,1,"[[2,3,1,4]]"
True,True,True,3,True,True,True,True,True,n4_o084_r2066,2,"[[2,1,4,3],[2,4,1,3]]"
True,True,True,2,True,True,True,True,True,n4_o084_r2067,1,"[[3,2,1,4]]"
True,True,True,5,True,True,True,True,True,n4_o084_r2068,2,"[[4,1,2,3],[4,2,1,3]]"
True,True,True,5,True,True,True,True,True,n4_o084_r2069,1,"[[3,1,4,2]]"
True,True,True,6,True,,True,,,n4_o084_r2070,1,"[[4,1,3,2]]"
True,True,True,4,True,True,True,True,True,n4_o084_r2071,2,"[[2,3,1,4],[2,3,4,1]]"
True,True,True,5,True,True,True,True,True,n4_o084_r2072,5,"[[2,1,3,4],[2,3,1,4],[2,3,4,1],[2,4,1,3],[2,4,3,1]]"
True,True,True,5,True,True,True,True,True,n4_o084_r2073,2,"[[3,2,1,4],[3,2,4,1]]"
True,True,True,7,True,True,,True,,n4_o084_r2074,2,"[[4,2,1,3],[4,2,3,1]]"
True,True,True,6,True,True,True,True,True,n4_o084_r2075,3,"[[3,1,2,4],[3,2,1,4],[3,2,4,1]]"
True,True,True,7,True,True,,,,n4_o084_r2076,2,"[[4,2,1,3],[4,2,3,1]]"
True,True,True,2,True,True,True,True,True,n4_o085_r2077,1,"[[1,2,3,4]]"
True,True,True,2,True,True,True,True,True,n4_o085_r2078,1,"[[1,2,4,3]]"
True,True,True,2,True,True,True,True,True,n4_o085_r2079,1,"[[1,3,2,4]]"
True,True,True,2,True,True,True,True,True,n4_o085_r2080,1,"[[1,4,2,3]]"
True,True,True,3,True,True,True,True,True,n4_o085_r2081,2,"[[1,3,2,4],[1,3,4,2]]"
True,True,True,3,True,True,True,True,True,n4_o085_r2082,2,"[[1,4,2,3],[1,4,3,2]]"
True,True,True,2,True,True,True,True,True,n4_o085_r2083,1,"[[2,1,3,4]]"
True,True,True,2,True,True,True,True,True,n4_o085_r2084,1,"[[2,1,4,3]]"
True,True,True,3,True,True,True,True,True,n4_o085_r2085,1,"[[3,1,2,4]]"
True,True,True,4,True,True,True,True,True,n4_o085_r2086,1,"[[4,1,2,3]]"
True,True,True,4,True,True,True,True,True,n4_o085_r2087,2,"[[3,1,2,4],[3,1,4,2]]"
True,True,True,5,True,True,True,True,True,n4_o085_r2088,2,"[[4,1,2,3],[4,1,3,2]]"
True,True,True,2,True,True,True,True,True,n4_o085_r2089,1,"[[2,3,1,4]]"
True,True,True,3,True,True,True,True,True,n4_o085_r2090,1,"[[2,4,1,3]]"
True,True,True,3,True,True,True,True,True,n4_o085_r2091,1,"[[3,2,1,4]]"
True,True,True,5,True,True,True,True,True,n4_o085_r2092,1,"[[4,2,1,3]]"
True,True,True,6,True,True,True,True,True,n4_o085_r2093,4,"[[3,1,2,4],[3,1,4,2],[3,2,1,4],[3,4,1,2]]"
True,True,True,7,True,True,True,True,True,n4_o085_r2094,4,"[[4,1,2,3],[4,1,3,2],[4,2,1,3],[4,3,1,2]]"
True,True,True,3,True,True,True,True,True,n4_o085_r2095,1,"[[2,3,1,4]]"
True,True,True,4,True,True,True,True,True,n4_o085_r2096,1,"[[2,4,1,3]]"
True,True,True,4,True,True,True,True,True,n4_o085_r2097,1,"[[3,2,1,4]]"
True,True,True,6,True,True,True,True,True,n4_o085_r2098,1,"[[4,2,1,3]]"
True,True,True,6,True,True,True,True,True,n4_o085_r2099,3,"[[3,1,2,4],[3,2,1,4],[3,4,1,2]]"
True,True,True,7,True,,,,,n4_o085_r2100,3,"[[4,1,2,3],[4,2,1,3],[4,3,1,2]]"
True,True,True,1,True,True,True,True,True,n4_o086_r2101,1,"[[1,2,3,4]]"
True,True,True,1,True,True,True,True,True,n4_o086_r2102,1,"[[1,2,4,3]]"
True,True,True,1,True,True,True,True,True,n4_o086_r2103,1,"[[1,3,2,4]]"
True,True,True,1,True,True,True,True,True,n4_o086_r2104,1,"[[1,4,2,3]]"
True,True,True,2,True,True,True,True,True,n4_o086_r2105,1,"[[1,3,4,2]]"
True,True,True,2,True,True,True,True,True,n4_o086_r2106,1,"[[1,4,3,2]]"
True,True,True,1,True,True,True,True,True,n4_o086_r2107,1,"[[2,1,3,4]]"
True,True,True,1,True,True,True,True,True,n4_o086_r2108,1,"[[2,1,4,3]]"
True,True,True,2,True,True,True,True,True,n4_o086_r2109,1,"[[3,1,2,4]]"
True,True,True,3,True,True,True,True,True,n4_o086_r2110,1,"[[4,1,2,3]]"
True,True,True,3,True,True,True,True,True,n4_o086_r2111,1,"[[3,1,4,2]]"
True,True,True,4,True,True,True,True,True,n4_o086_r2112,1,"[[4,1,3,2]]"
True,True,True,1,True,True,True,True,True,n4_o086_r2113,1,"[[2,3,1,4]]"
True,True,True,2,True,True,True,True,True,n4_o086_r2114,1,"[[2,4,1,3]]"
True,True,True,2,True,True,True,True,True,n4_o086_r2115,1,"[[3,2,1,4]]"
True,True,True,4,True,True,True,True,True,n4_o086_r2116,1,"[[4,2,1,3]]"
True,True,True,5,True,True,True,True,True,n4_o086_r2117,2,"[[3,1,4,2],[3,4,1,2]]"
True,True,True,6,True,True,True,True,True,n4_o086_r2118,2,"[[4,1,3,2],[4,3,1,2]]"
True,True,True,3,True,True,True,True,True,n4_o086_r2119,2,"[[2,3,1,4],[2,3,4,1]]"
True,True,True,4,True,True,True,True,True,n4_o086_r2120,2,"[[2,4,1,3],[2,4,3,1]]"
True,True,True,4,True,True,True,True,True,n4_o086_r2121,2,"[[3,2,1,4],[3,2,4,1]]"
True,True,True,6,True,True,True,True,True,n4_o086_r2122,2,"[[4,2,1,3],[4,2,3,1]]"
True,True,True,6,True,True,True,True,True,n4_o086_r2123,5,"[[3,1,2,4],[3,2,1,4],[3,2,4,1],[3,4,1,2],[3,4,2,1]]"
True,True,True,7,True,True,True,,,n4_o086_r2124,5,"[[4,1,2,3],[4,2,1,3],[4,2,3,1],[4,3,1,2],[4,3,2,1]]"
True,True,True,1,True,True,True,True,True,n4_o087_r2125,1,"[[1,2,3,4]]"
True,True,True,1,True,True,True,True,True,n4_o087_r2126,1,"[[1,2,4,3]]"
True,True,True,1,True,True,True,True,True,n4_o087_r2127,1,"[[1,3,2,4]]"
True,True,True,1,True,True,True,True,True,n4_o087_r2128,1,"[[1,4,2,3]]"
True,True,True,1,True,True,True,True,True,n4_o087_r2129,1,"[[1,3,4,2]]"
True,True,True,1,True,True,True,True,True,n4_o087_r2130,1,"[[1,4,3,2]]"
True,True,True,1,True,True,True,True,True,n4_o087_r2131,1,"[[2,1,3,4]]"
True,True,True,1,True,True,True,True,True,n4_o087_r2132,1,"[[2,1,4,3]]"
True,True,True,2,True,True,True,True,True,n4_o087_r2133,1,"[[3,1,2,4]]"
True,True,True,3,True,True,True,True,True,n4_o087_r2134,1,"[[4,1,2,3]]"
True,True,True,2,True,True,True,True,True,n4_o087_r2135,1,"[[3,1,4,2]]"
True,True,True,3,True,True,True,True,True,n4_o087_r2136,1,"[[4,1,3,2]]"
True,True,True,1,True,True,True,True,True,n4_o087_r2137,1,"[[2,3,1,4]]"
True,True,True,2,True,True,True,True,True,n4_o087_r2138,1,"[[2,4,1,3]]"
True,True,True,2,True,True,True,True,True,n4_o087_r2139,1,"[[3,2,1,4]]"
True,True,True,4,True,True,True,True,True,n4_o087_r2140,1,"[[4,2,1,3]]"
True,True,True,4,True,True,True,True,True,n4_o087_r2141,1,"[[3,4,1,2]]"
True,True,True,5,True,True,True,True,True,n4_o087_r2142,1,"[[4,3,1,2]]"
True,True,True,2,True,True,True,True,True,n4_o087_r2143,2,"[[2,3,1,4],[2,3,4,1]]"
True,True,True,3,True,True,True,True,True,n4_o087_r2144,2,"[[2,4,1,3],[2,4,3,1]]"
True,True,True,3,True,True,True,True,True,n4_o087_r2145,2,"[[3,2,1,4],[3,2,4,1]]"
True,True,True,5,True,True,True,True,True,n4_o087_r2146,2,"[[4,2,1,3],[4,2,3,1]]"
True,True,True,5,True,True,True,True,True,n4_o087_r2147,2,"[[3,4,1,2],[3,4,2,1]]"
True,True,True,6,True,True,True,True,True,n4_o087_r2148,2,"[[4,3,1,2],[4,3,2,1]]"
True,True,True,2,True,True,True,True,True,n4_o088_r2149,2,"[[1,2,3,4],[1,3,2,4]]"
True,True,True,2,True,True,True,True,True,n4_o088_r2150,1,"[[1,2,4,3]]"
True,True,True,2,True,True,True,True,True,n4_o088_r2151,2,"[[1,2,3,4],[1,3,2,4]]"
True,True,True,2,True,True,True,True,True,n4_o088_r2152,1,"[[1,4,2,3]]"
True,True,True,3,True,True,True,True,True,n4_o088_r2153,3,"[[1,2,3,4],[1,3,2,4],[1,3,4,2]]"
True,True,True,3,True,True,True,True,True,n4_o088_r2154,2,"[[1,4,2,3],[1,4,3,2]]"
True,True,True,2,True,True,True,True,True,n4_o088_r2155,2,"[[2,1,3,4],[2,3,1,4]]"
True,True,True,2,True,True,True,True,True,n4_o088_r2156,1,"[[2,1,4,3]]"
True,True,True,3,True,True,True,True,True,n4_o088_r2157,2,"[[3,1,2,4],[3,2,1,4]]"
True,True,True,4,True,True,True,True,True,n4_o088_r2158,1,"[[4,1,2,3]]"
True,True,True,4,True,True,True,True,True,n4_o088_r2159,3,"[[3,1,2,4],[3,1,4,2],[3,2,1,4]]"
True,True,True,5,True,True,True,True,True,n4_o088_r2160,2,"[[4,1,2,3],[4,1,3,2]]"
True,True,True,2,True,True,True,True,True,n4_o088_r2161,2,"[[2,1,3,4],[2,3,1,4]]"
True,True,True,2,True,True,True,True,True,n4_o088_r2162,1,"[[2,4,1,3]]"
True,True,True,3,True,True,True,True,True,n4_o088_r2163,2,"[[3,1,2,4],[3,2,1,4]]"
True,True,True,4,True,True,True,True,True,n4_o088_r2164,1,"[[4,2,1,3]]"
True,True,True,5,True,True,True,True,True,n4_o088_r2165,4,"[[3,1,2,4],[3,1,4,2],[3,2,1,4],[3,4,1,2]]"
True,True,True,6,True,True,True,True,True,n4_o088_r2166,4,"[[4,1,2,3],[4,1,3,2],[4,2,1,3],[4,3,1,2]]"
True,True,True,3,True,True,True,True,True,n4_o088_r2167,2,"[[2,1,3,4],[2,3,1,4]]"
True,True,True,3,True,True,True,True,True,n4_o088_r2168,1,"[[2,4,1,3]]"
True,True,True,4,True,True,True,True,True,n4_o088_r2169,2,"[[3,1,2,4],[3,2,1,4]]"
True,True,True,5,True,True,True,True,True,n4_o088_r2170,1,"[[4,2,1,3]]"
True,True,True,5,True,True,True,True,True,n4_o088_r2171,3,"[[3,1,2,4],[3,2,1,4],[3,4,1,2]]"
True,True,True,6,True,,,,,n4_o088_r2172,3,"[[4,1,2,3],[4,2,1,3],[4,3,1,2]]"
True,True,True,1,True,True,True,True,True,n4_o089_r2173,2,"[[1,2,3,4],[1,3,2,4]]"
True,True,True,1,True,True,True,True,True,n4_o089_r2174,1,"[[1,2,4,3]]"
True,True,True,1,True,True,True,True,True,n4_o089_r2175,2,"[[1,2,3,4],[1,3,2,4]]"
True,True,True,1,True,True,True,True,True,n4_o089_r2176,1,"[[1,4,2,3]]"
True,True,True,2,True,True,True,True,True,n4_o089_r2177,1,"[[1,3,4,2]]"
True,True,True,2,True,True,True,True,True,n4_o089_r2178,1,"[[1,4,3,2]]"
True,True,True,1,True,True,True,True,True,n4_o089_r2179,2,"[[2,1,3,4],[2,3,1,4]]"
True,True,True,1,True,True,True,True,True,n4_o089_r2180,1,"[[2,1,4,3]]"
True,True,True,2,True,True,True,True,True,n4_o089_r2181,2,"[[3,1,2,4],[3,2,1,4]]"
True,True,True,3,True,True,True,True,True,n4_o089_r2182,1,"[[4,1,2,3]]"
True,True,True,3,True,True,True,True,True,n4_o089_r2183,1,"[[3,1,4,2]]"
True,True,True,4,True,True,True,True,True,n4_o089_r2184,1,"[[4,1,3,2]]"
True,True,True,1,True,True,True,True,True,n4_o089_r2185,2,"[[2,1,3,4],[2,3,1,4]]"
True,True,True,1,True,True,True,True,True,n4_o089_r2186,1,"[[2,4,1,3]]"
True,True,True,2,True,True,True,True,True,n4_o089_r2187,2,"[[3,1,2,4],[3,2,1,4]]"
True,True,True,3,True,True,True,True,True,n4_o089_r2188,1,"[[4,2,1,3]]"
True,True,True,4,True,True,True,True,True,n4_o089_r2189,2,"[[3,1,4,2],[3,4,1,2]]"
True,True,True,5,True,True,True,True,True,n4_o089_r2190,2,"[[4,1,3,2],[4,3,1,2]]"
True,True,True,3,True,True,True,True,True,n4_o089_r2191,3,"[[2,1,3,4],[2,3,1,4],[2,3,4,1]]"
True,True,True,3,True,True,True,True,True,n4_o089_r2192,2,"[[2,4,1,3],[2,4,3,1]]"
True,True,True,4,True,True,True,True,True,n4_o089_r2193,3,"[[3,1,2,4],[3,2,1,4],[3,2,4,1]]"
True,True,True,5,True,True,True,True,True,n4_o089_r2194,2,"[[4,2,1,3],[4,2,3,1]]"
True,True,True,5,True,True,True,True,True,n4_o089_r2195,5,"[[3,1,2,4],[3,2,1,4],[3,2,4,1],[3,4,1,2],[3,4,2,1]]"
True,True,True,6,True,True,True,True,True,n4_o089_r2196,5,"[[4,1,2,3],[4,2,1,3],[4,2,3,1],[4,3,1,2],[4,3,2,1]]"
True,True,True,1,True,True,True,True,True,n4_o090_r2197,2,"[[1,2,3,4],[1,3,2,4]]"
True,True,True,1,True,True,True,True,True,n4_o090_r2198,1,"[[1,2,4,3]]"
True,True,True,1,True,True,True,True,True,n4_o090_r2199,2,"[[1,2,3,4],[1,3,2,4]]"
True,True,True,1,True,True,True,True,True,n4_o090_r2200,1,"[[1,4,2,3]]"
True,True,True,1,True,True,True,True,True,n4_o090_r2201,1,"[[1,3,4,2]]"
True,True,True,1,True,True,True,True,True,n4_o090_r2202,1,"[[1,4,3,2]]"
True,True,True,1,True,True,True,True,True,n4_o090_r2203,2,"[[2,1,3,4],[2,3,1,4]]"
True,True,True,1,True,True,True,True,True,n4_o090_r2204,1,"[[2,1,4,3]]"
True,True,True,2,True,True,True,True,True,n4_o090_r2205,2,"[[3,1,2,4],[3,2,1,4]]"
True,True,True,3,True,True,True,True,True,n4_o090_r2206,1,"[[4,1,2,3]]"
True,True,True,2,True,True,True,True,True,n4_o090_r2207,1,"[[3,1,4,2]]"
True,True,True,3,True,True,True,True,True,n4_o090_r2208,1,"[[4,1,3,2]]"
True,True,True,1,True,True,True,True,True,n4_o090_r2209,2,"[[2,1,3,4],[2,3,1,4]]"
True,True,True,1,True,True,True,True,True,n4_o090_r2210,1,"[[2,4,1,3]]"
True,True,True,2,True,True,True,True,True,n4_o090_r2211,2,"[[3,1,2,4],[3,2,1,4]]"
True,True,True,3,True,True,True,True,True,n4_o090_r2212,1,"[[4,2,1,3]]"
True,True,True,3,True,True,True,True,True,n4_o090_r2213,1,"[[3,4,1,2]]"
True,True,True,4,True,True,True,True,True,n4_o090_r2214,1,"[[4,3,1,2]]"
True,True,True,2,True,True,True,True,True,n4_o090_r2215,3,"[[2,1,3,4],[2,3,1,4],[2,3,4,1]]"
True,True,True,2,True,True,True,True,True,n4_o090_r2216,2,"[[2,4,1,3],[2,4,3,1]]"
True,True,True,3,True,True,True,True,True,n4_o090_r2217,3,"[[3,1,2,4],[3,2,1,4],[3,2,4,1]]"
True,True,True,4,True,True,True,True,True,n4_o090_r2218,2,"[[4,2,1,3],[4,2,3,1]]"
True,True,True,4,True,True,True,True,True,n4_o090_r2219,2,"[[3,4,1,2],[3,4,2,1]]"
True,True,True,5,True,True,True,True,True,n4_o090_r2220,2,"[[4,3,1,2],[4,3,2,1]]"
True,True,True,1,True,True,True,True,True,n4_o091_r2221,2,"[[1,2,3,4],[1,3,2,4]]"
True,True,True,1,True,True,True,True,True,n4_o091_r2222,2,"[[1,2,4,3],[1,4,2,3]]"
True,True,True,1,True,True,True,True,True,n4_o091_r2223,2,"[[1,2,3,4],[1,3,2,4]]"
True,True,True,1,True,True,True,True,True,n4_o091_r2224,2,"[[1,2,4,3],[1,4,2,3]]"
True,True,True,1,True,True,True,True,True,n4_o091_r2225,1,"[[1,3,4,2]]"
True,True,True,1,True,True,True,True,True,n4_o091_r2226,1,"[[1,4,3,2]]"
True,True,True,1,True,True,True,True,True,n4_o091_r2227,2,"[[2,1,3,4],[2,3,1,4]]"
True,True,True,1,True,True,True,True,True,n4_o091_r2228,2,"[[2,1,4,3],[2,4,1,3]]"
True,True,True,2,True,True,True,True,True,n4_o091_r2229,2,"[[3,1,2,4],[3,2,1,4]]"
True,True,True,3,True,True,True,True,True,n4_o091_r2230,2,"[[4,1,2,3],[4,2,1,3]]"
True,True,True,2,True,True,True,True,True,n4_o091_r2231,1,"[[3,1,4,2]]"
True,True,True,3,True,True,True,True,True,n4_o091_r2232,1,"[[4,1,3,2]]"
True,True,True,1,True,True,True,True,True,n4_o091_r2233,2,"[[2,1,3,4],[2,3,1,4]]"
True,True,True,1,True,True,True,True,True,n4_o091_r2234,2,"[[2,1,4,3],[2,4,1,3]]"
True,True,True,2,True,True,True,True,True,n4_o091_r2235,2,"[[3,1,2,4],[3,2,1,4]]"
True,True,True,3,True,True,True,True,True,n4_o091_r2236,2,"[[4,1,2,3],[4,2,1,3]]"
True,True,True,2,True,True,True,True,True,n4_o091_r2237,1,"[[3,4,1,2]]"
True,True,True,3,True,True,True,True,True,n4_o091_r2238,1,"[[4,3,1,2]]"
True,True,True,2,True,True,True,True,True,n4_o091_r2239,3,"[[2,1,3,4],[2,3,1,4],[2,3,4,1]]"
True,True,True,2,True,True,True,True,True,n4_o091_r2240,3,"[[2,1,4,3],[2,4,1,3],[2,4,3,1]]"
True,True,True,3,True,True,True,True,True,n4_o091_r2241,3,"[[3,1,2,4],[3,2,1,4],[3,2,4,1]]"
True,True,True,4,True,True,True,True,True,n4_o091_r2242,3,"[[4,1,2,3],[4,2,1,3],[4,2,3,1]]"
True,True,True,3,True,True,True,True,True,n4_o091_r2243,2,"[[3,4,1,2],[3,4,2,1]]"
True,True,True,4,True,True,True,True,True,n4_o091_r2244,2,"[[4,3,1,2],[4,3,2,1]]"
True,True,True,5,True,True,True,True,True,n4_o092_r2245,2,"[[1,2,3,4],[2,1,3,4]]"
True,True,True,5,True,True,True,True,True,n4_o092_r2246,2,"[[1,2,3,4],[2,1,3,4]]"
True,True,True,5,True,True,True,True,True,n4_o092_r2247,1,"[[1,3,2,4]]"
True,True,True,6,True,True,True,True,True,n4_o092_r2248,2,"[[1,2,3,4],[2,1,3,4]]"
True,True,True,5,True,True,True,True,True,n4_o092_r2249,1,"[[1,3,2,4]]"
True,True,True,6,True,True,True,True,True,n4_o092_r2250,1,"[[1,3,2,4]]"
True,True,True,5,True,True,True,True,True,n4_o092_r2251,2,"[[1,2,3,4],[2,1,3,4]]"
True,True,True,5,True,True,True,True,True,n4_o092_r2252,2,"[[1,2,3,4],[2,1,3,4]]"
True,True,True,5,True,True,True,True,True,n4_o092_r2253,1,"[[3,1,2,4]]"
True,True,True,7,True,True,True,True,True,n4_o092_r2254,2,"[[1,2,3,4],[2,1,3,4]]"
True,True,True,5,True,True,True,True,True,n4_o092_r2255,1,"[[3,1,2,4]]"
True,True,True,7,True,True,True,True,True,n4_o092_r2256,2,"[[1,3,2,4],[3,1,2,4]]"
True,True,True,6,True,True,True,True,True,n4_o092_r2257,3,"[[1,2,3,4],[2,1,3,4],[2,3,1,4]]"
True,True,True,6,True,True,True,True,True,n4_o092_r2258,2,"[[1,2,3,4],[2,1,3,4]]"
True,True,True,6,True,True,True,True,True,n4_o092_r2259,2,"[[3,1,2,4],[3,2,1,4]]"
True,True,True,7,True,True,True,True,True,n4_o092_r2260,2,"[[1,2,3,4],[2,1,3,4]]"
True,True,True,6,True,True,True,True,True,n4_o092_r2261,1,"[[3,1,2,4]]"
True,True,True,7,True,True,True,True,True,n4_o092_r2262,2,"[[1,3,2,4],[3,1,2,4]]"
True,True,True,6,True,True,True,True,True,n4_o092_r2263,1,"[[2,3,1,4]]"
True,True,True,6,True,True,True,True,True,n4_o092_r2264,1,"[[2,3,1,4]]"
True,True,True,6,True,True,True,True,True,n4_o092_r2265,1,"[[3,2,1,4]]"
True,True,True,7,True,True,True,True,True,n4_o092_r2266,1,"[[2,3,1,4]]"
True,True,True,6,True,True,True,True,True,n4_o092_r2267,1,"[[3,2,1,4]]"
True,True,True,7,True,True,True,True,True,n4_o092_r2268,1,"[[3,2,1,4]]"
True,True,True,4,True,True,True,True,True,n4_o093_r2269,2,"[[1,2,3,4],[2,1,3,4]]"
True,True,True,5,True,True,True,True,True,n4_o093_r2270,4,"[[1,2,3,4],[1,2,4,3],[2,1,3,4],[2,1,4,3]]"
True,True,True,4,True,True,True,True,True,n4_o093_r2271,1,"[[1,3,2,4]]"
True,True,True,6,True,True,True,True,True,n4_o093_r2272,5,"[[1,2,3,4],[1,2,4,3],[1,4,2,3],[2,1,3,4],[2,1,4,3]]"
True,True,True,5,True,True,True,True,True,n4_o093_r2273,1,"[[1,3,2,4]]"
True,True,True,6,True,True,True,True,True,n4_o093_r2274,2,"[[1,3,2,4],[1,4,2,3]]"
True,True,True,4,True,True,True,True,True,n4_o093_r2275,2,"[[1,2,3,4],[2,1,3,4]]"
True,True,True,5,True,True,True,True,True,n4_o093_r2276,4,"[[1,2,3,4],[1,2,4,3],[2,1,3,4],[2,1,4,3]]"
True,True,True,4,True,True,True,True,True,n4_o093_r2277,1,"[[3,1,2,4]]"
True,True,True,7,True,True,True,True,True,n4_o093_r2278,6,"[[1,2,3,4],[1,2,4,3],[1,4,2,3],[2,1,3,4],[2,1,4,3],[4,1,2,3]]"
True,True,True,5,True,True,True,True,True,n4_o093_r2279,1,"[[3,1,2,4]]"
True,True,True,7,True,True,True,True,True,n4_o093_r2280,4,"[[1,3,2,4],[1,4,2,3],[3,1,2,4],[4,1,2,3]]"
True,True,True,5,True,True,True,True,True,n4_o093_r2281,3,"[[1,2,3,4],[2,1,3,4],[2,3,1,4]]"
True,True,True,6,True,True,True,True,True,n4_o093_r2282,4,"[[1,2,3,4],[1,2,4,3],[2,1,3,4],[2,1,4,3]]"
True,True,True,5,True,True,True,True,True,n4_o093_r2283,2,"[[3,1,2,4],[3,2,1,4]]"
True,True,True,7,True,True,True,True,True,n4_o093_r2284,5,"[[1,2,3,4],[1,2,4,3],[2,1,3,4],[2,1,4,3],[4,1,2,3]]"
True,True,True,6,True,True,True,True,True,n4_o093_r2285,1,"[[3,1,2,4]]"
True,True,True,7,True,True,True,True,True,n4_o093_r2286,3,"[[1,3,2,4],[3,1,2,4],[4,1,2,3]]"
True,True,True,6,True,True,True,True,True,n4_o093_r2287,1,"[[2,3,1,4]]"
True,True,True,6,True,True,True,True,True,n4_o093_r2288,1,"[[2,3,1,4]]"
True,True,True,6,True,True,True,True,True,n4_o093_r2289,1,"[[3,2,1,4]]"
True,True,True,7,True,True,True,True,True,n4_o093_r2290,1,"[[2,3,1,4]]"
True,True,True,6,True,True,True,True,True,n4_o093_r2291,1,"[[3,2,1,4]]"
True,True,True,7,True,True,True,True,True,n4_o093_r2292,1,"[[3,2,1,4]]"
True,True,True,3,True,True,True,True,True,n4_o094_r2293,2,"[[1,2,3,4],[2,1,3,4]]"
True,True,True,4,True,True,True,True,True,n4_o094_r2294,2,"[[1,2,4,3],[2,1,4,3]]"
True,True,True,3,True,True,True,True,True,n4_o094_r2295,1,"[[1,3,2,4]]"
True,True,True,5,True,True,True,True,True,n4_o094_r2296,3,"[[1,2,4,3],[1,4,2,3],[2,1,4,3]]"
True,True,True,5,True,True,True,True,True,n4_o094_r2297,2,"[[1,3,2,4],[1,3,4,2]]"
True,True,True,6,True,True,True,True,True,n4_o094_r2298,4,"[[1,3,2,4],[1,3,4,2],[1,4,2,3],[1,4,3,2]]"
True,True,True,3,True,True,True,True,True,n4_o094_r2299,2,"[[1,2,3,4],[2,1,3,4]]"
True,True,True,4,True,True,True,True,True,n4_o094_r2300,2,"[[1,2,4,3],[2,1,4,3]]"
True,True,True,3,True,True,True,True,True,n4_o094_r2301,1,"[[3,1,2,4]]"
True,True,True,6,True,True,True,True,True,n4_o094_r2302,4,"[[1,2,4,3],[1,4,2,3],[2,1,4,3],[4,1,2,3]]"
True,True,True,5,True,True,True,True,True,n4_o094_r2303,2,"[[3,1,2,4],[3,1,4,2]]"
True,True,True,7,True,True,True,True,True,n4_o094_r2304,8,"[[1,3,2,4],[1,3,4,2],[1,4,2,3],[1,4,3,2],[3,1,2,4],[3,1,4,2],[4,1,2,3],[4,1,3,2]]"
True,True,True,4,True,True,True,True,True,n4_o094_r2305,3,"[[1,2,3,4],[2,1,3,4],[2,3,1,4]]"
True,True,True,5,True,True,True,True,True,n4_o094_r2306,2,"[[1,2,4,3],[2,1,4,3]]"
True,True,True,4,True,True,True,True,True,n4_o094_r2307,2,"[[3,1,2,4],[3,2,1,4]]"
True,True,True,6,True,True,True,True,True,n4_o094_r2308,3,"[[1,2,4,3],[2,1,4,3],[4,1,2,3]]"
True,True,True,6,True,True,True,True,True,n4_o094_r2309,2,"[[3,1,2,4],[3,1,4,2]]"
True,True,True,7,True,True,True,True,True,n4_o094_r2310,6,"[[1,3,2,4],[1,3,4,2],[3,1,2,4],[3,1,4,2],[4,1,2,3],[4,1,3,2]]"
True,True,True,6,True,True,True,True,True,n4_o094_r2311,1,"[[2,3,1,4]]"
True,True,True,6,True,True,True,True,True,n4_o094_r2312,1,"[[2,3,1,4]]"
True,True,True,6,True,True,True,True,True,n4_o094_r2313,1,"[[3,2,1,4]]"
True,True,True,7,True,True,True,True,True,n4_o094_r2314,1,"[[2,3,1,4]]"
True,True,True,6,True,True,True,True,True,n4_o094_r2315,1,"[[3,2,1,4]]"
True,True,True,7,True,True,True,True,True,n4_o094_r2316,1,"[[3,2,1,4]]"
True,True,True,2,True,True,True,True,True,n4_o095_r2317,2,"[[1,2,3,4],[2,1,3,4]]"
True,True,True,3,True,True,True,True,True,n4_o095_r2318,2,"[[1,2,4,3],[2,1,4,3]]"
True,True,True,2,True,True,True,True,True,n4_o095_r2319,1,"[[1,3,2,4]]"
True,True,True,4,True,True,True,True,True,n4_o095_r2320,3,"[[1,2,4,3],[1,4,2,3],[2,1,4,3]]"
True,True,True,4,True,True,True,True,True,n4_o095_r2321,1,"[[1,3,4,2]]"
True,True,True,5,True,True,True,True,True,n4_o095_r2322,2,"[[1,3,4,2],[1,4,3,2]]"
True,True,True,2,True,True,True,True,True,n4_o095_r2323,2,"[[1,2,3,4],[2,1,3,4]]"
True,True,True,3,True,True,True,True,True,n4_o095_r2324,2,"[[1,2,4,3],[2,1,4,3]]"
True,True,True,2,True,True,True,True,True,n4_o095_r2325,1,"[[3,1,2,4]]"
True,True,True,5,True,True,True,True,True,n4_o095_r2326,4,"[[1,2,4,3],[1,4,2,3],[2,1,4,3],[4,1,2,3]]"
True,True,True,4,True,True,True,True,True,n4_o095_r2327,1,"[[3,1,4,2]]"
True,True,True,6,True,True,True,True,True,n4_o095_r2328,4,"[[1,3,4,2],[1,4,3,2],[3,1,4,2],[4,1,3,2]]"
True,True,True,3,True,True,True,True,True,n4_o095_r2329,3,"[[1,2,3,4],[2,1,3,4],[2,3,1,4]]"
True,True,True,4,True,True,True,True,True,n4_o095_r2330,2,"[[1,2,4,3],[2,1,4,3]]"
True,True,True,3,True,True,True,True,True,n4_o095_r2331,2,"[[3,1,2,4],[3,2,1,4]]"
True,True,True,5,True,True,True,True,True,n4_o095_r2332,3,"[[1,2,4,3],[2,1,4,3],[4,1,2,3]]"
True,True,True,5,True,True,True,True,True,n4_o095_r2333,1,"[[3,1,4,2]]"
True,True,True,6,True,True,True,True,True,n4_o095_r2334,3,"[[1,3,4,2],[3,1,4,2],[4,1,3,2]]"
True,True,True,6,True,True,True,True,True,n4_o095_r2335,2,"[[2,3,1,4],[2,3,4,1]]"
True,True,True,6,True,True,True,True,True,n4_o095_r2336,2,"[[2,3,1,4],[2,3,4,1]]"
True,True,True,6,True,True,True,True,True,n4_o095_r2337,2,"[[3,2,1,4],[3,2,4,1]]"
True,True,True,7,True,True,True,True,True,n4_o095_r2338,2,"[[2,3,1,4],[2,3,4,1]]"
True,True,True,6,True,True,True,True,True,n4_o095_r2339,2,"[[3,2,1,4],[3,2,4,1]]"
True,True,True,7,True,True,True,True,True,n4_o095_r2340,2,"[[3,2,1,4],[3,2,4,1]]"
True,True,True,3,True,True,True,True,True,n4_o096_r2341,2,"[[1,2,3,4],[2,1,3,4]]"
True,True,True,4,True,True,True,True,True,n4_o096_r2342,4,"[[1,2,3,4],[1,2,4,3],[2,1,3,4],[2,1,4,3]]"
True,True,True,3,True,True,True,True,True,n4_o096_r2343,1,"[[1,3,2,4]]"
True,True,True,5,True,True,True,True,True,n4_o096_r2344,1,"[[1,4,2,3]]"
True,True,True,4,True,True,True,True,True,n4_o096_r2345,1,"[[1,3,2,4]]"
True,True,True,5,True,True,,,,n4_o096_r2346,1,"[[1,4,2,3]]"
True,True,True,3,True,True,True,True,True,n4_o096_r2347,2,"[[1,2,3,4],[2,1,3,4]]"
True,True,True,4,True,True,True,True,True,n4_o096_r2348,4,"[[1,2,3,4],[1,2,4,3],[2,1,3,4],[2,1,4,3]]"
True,True,True,3,True,True,True,True,True,n4_o096_r2349,1,"[[3,1,2,4]]"
True,True,True,6,True,True,True,True,True,n4_o096_r2350,2,"[[1,4,2,3],[4,1,2,3]]"
True,True,True,4,True,True,True,True,True,n4_o096_r2351,1,"[[3,1,2,4]]"
True,True,True,6,True,True,,,,n4_o096_r2352,2,"[[1,4,2,3],[4,1,2,3]]"
True,True,True,4,True,True,True,True,True,n4_o096_r2353,1,"[[2,3,1,4]]"
True,True,True,6,True,True,True,True,True,n4_o096_r2354,6,"[[1,2,3,4],[1,2,4,3],[2,1,3,4],[2,1,4,3],[2,3,1,4],[2,4,1,3]]"
True,True,True,4,True,True,True,True,True,n4_o096_r2355,1,"[[3,2,1,4]]"
True,True,True,7,True,True,True,True,True,n4_o096_r2356,8,"[[1,2,3,4],[1,2,4,3],[2,1,3,4],[2,1,4,3],[2,3,1,4],[2,4,1,3],[4,1,2,3],[4,2,1,3]]"
True,True,True,6,True,True,True,True,True,n4_o096_r2357,2,"[[3,1,2,4],[3,2,1,4]]"
True,True,True,7,True,True,True,True,True,n4_o096_r2358,4,"[[1,3,2,4],[3,1,2,4],[3,2,1,4],[4,1,2,3]]"
True,True,True,5,True,True,True,True,True,n4_o096_r2359,1,"[[2,3,1,4]]"
True,True,True,6,True,True,True,True,True,n4_o096_r2360,4,"[[1,2,3,4],[2,1,3,4],[2,3,1,4],[2,4,1,3]]"
True,True,True,5,True,True,True,True,True,n4_o096_r2361,1,"[[3,2,1,4]]"
True,True,True,7,True,True,True,True,True,n4_o096_r2362,5,"[[1,2,3,4],[2,1,3,4],[2,3,1,4],[2,4,1,3],[4,2,1,3]]"
True,True,True,6,True,True,True,True,True,n4_o096_r2363,2,"[[3,1,2,4],[3,2,1,4]]"
True,True,True,7,True,True,True,True,True,n4_o096_r2364,4,"[[1,3,2,4],[3,1,2,4],[3,2,1,4],[4,2,1,3]]"
True,True,True,2,True,True,True,True,True,n4_o097_r2365,2,"[[1,2,3,4],[2,1,3,4]]"
True,True,True,3,True,True,True,True,True,n4_o097_r2366,2,"[[1,2,4,3],[2,1,4,3]]"
True,True,True,2,True,True,True,True,True,n4_o097_r2367,1,"[[1,3,2,4]]"
True,True,True,4,True,True,True,True,True,n4_o097_r2368,1,"[[1,4,2,3]]"
True,True,True,4,True,True,True,True,True,n4_o097_r2369,2,"[[1,3,2,4],[1,3,4,2]]"
True,True,True,5,True,True,True,True,True,n4_o097_r2370,2,"[[1,4,2,3],[1,4,3,2]]"
True,True,True,2,True,True,True,True,True,n4_o097_r2371,2,"[[1,2,3,4],[2,1,3,4]]"
True,True,True,3,True,True,True,True,True,n4_o097_r2372,2,"[[1,2,4,3],[2,1,4,3]]"
True,True,True,2,True,True,True,True,True,n4_o097_r2373,1,"[[3,1,2,4]]"
True,True,True,5,True,True,True,True,True,n4_o097_r2374,2,"[[1,4,2,3],[4,1,2,3]]"
True,True,True,4,True,True,True,True,True,n4_o097_r2375,2,"[[3,1,2,4],[3,1,4,2]]"
True,True,True,6,True,True,True,True,True,n4_o097_r2376,4,"[[1,4,2,3],[1,4,3,2],[4,1,2,3],[4,1,3,2]]"
True,True,True,3,True,True,True,True,True,n4_o097_r2377,1,"[[2,3,1,4]]"
True,True,True,5,True,True,True,True,True,n4_o097_r2378,3,"[[1,2,4,3],[2,1,4,3],[2,4,1,3]]"
True,True,True,3,True,True,True,True,True,n4_o097_r2379,1,"[[3,2,1,4]]"
True,True,True,6,True,True,True,True,True,n4_o097_r2380,5,"[[1,2,4,3],[2,1,4,3],[2,4,1,3],[4,1,2,3],[4,2,1,3]]"
True,True,True,6,True,True,True,True,True,n4_o097_r2381,3,"[[3,1,2,4],[3,1,4,2],[3,2,1,4]]"
True,True,True,7,True,True,True,True,True,n4_o097_r2382,7,"[[1,3,2,4],[1,3,4,2],[3,1,2,4],[3,1,4,2],[3,2,1,4],[4,1,2,3],[4,1,3,2]]"
True,True,True,5,True,True,True,True,True,n4_o097_r2383,1,"[[2,3,1,4]]"
True,True,True,6,True,True,True,True,True,n4_o097_r2384,4,"[[1,2,3,4],[2,1,3,4],[2,3,1,4],[2,4,1,3]]"
True,True,True,5,True,True,True,True,True,n4_o097_r2385,1,"[[3,2,1,4]]"
True,True,True,7,True,True,True,True,True,n4_o097_r2386,5,"[[1,2,3,4],[2,1,3,4],[2,3,1,4],[2,4,1,3],[4,2,1,3]]"
True,True,True,6,True,True,True,True,True,n4_o097_r2387,2,"[[3,1,2,4],[3,2,1,4]]"
True,True,True,7,True,True,True,True,True,n4_o097_r2388,4,"[[1,3,2,4],[3,1,2,4],[3,2,1,4],[4,2,1,3]]"
True,True,True,1,True,True,True,True,True,n4_o098_r2389,2,"[[1,2,3,4],[2,1,3,4]]"
True,True,True,2,True,True,True,True,True,n4_o098_r2390,2,"[[1,2,4,3],[2,1,4,3]]"
True,True,True,1,True,True,True,True,True,n4_o098_r2391,1,"[[1,3,2,4]]"
True,True,True,3,True,True,True,True,True,n4_o098_r2392,1,"[[1,4,2,3]]"
True,True,True,3,True,True,True,True,True,n4_o098_r2393,1,"[[1,3,4,2]]"
True,True,True,4,True,True,True,True,True,n4_o098_r2394,1,"[[1,4,3,2]]"
True,True,True,1,True,True,True,True,True,n4_o098_r2395,2,"[[1,2,3,4],[2,1,3,4]]"
True,True,True,2,True,True,True,True,True,n4_o098_r2396,2,"[[1,2,4,3],[2,1,4,3]]"
True,True,True,1,True,True,True,True,True,n4_o098_r2397,1,"[[3,1,2,4]]"
True,True,True,4,True,True,True,True,True,n4_o098_r2398,2,"[[1,4,2,3],[4,1,2,3]]"
True,True,True,3,True,True,True,True,True,n4_o098_r2399,1,"[[3,1,4,2]]"
True,True,True,5,True,True,True,True,True,n4_o098_r2400,2,"[[1,4,3,2],[4,1,3,2]]"
True,True,True,2,True,True,True,True,True,n4_o098_r2401,1,"[[2,3,1,4]]"
True,True,True,4,True,True,True,True,True,n4_o098_r2402,3,"[[1,2,4,3],[2,1,4,3],[2,4,1,3]]"
True,True,True,2,True,True,True,True,True,n4_o098_r2403,1,"[[3,2,1,4]]"
True,True,True,5,True,True,True,True,True,n4_o098_r2404,5,"[[1,2,4,3],[2,1,4,3],[2,4,1,3],[4,1,2,3],[4,2,1,3]]"
True,True,True,5,True,True,True,True,True,n4_o098_r2405,1,"[[3,1,4,2]]"
True,True,True,6,True,True,True,True,True,n4_o098_r2406,3,"[[1,3,4,2],[3,1,4,2],[4,1,3,2]]"
True,True,True,5,True,True,True,True,True,n4_o098_r2407,2,"[[2,3,1,4],[2,3,4,1]]"
True,True,True,6,True,True,True,True,True,n4_o098_r2408,6,"[[1,2,3,4],[2,1,3,4],[2,3,1,4],[2,3,4,1],[2,4,1,3],[2,4,3,1]]"
True,True,True,5,True,True,True,True,True,n4_o098_r2409,2,"[[3,2,1,4],[3,2,4,1]]"
True,True,True,7,True,True,True,True,True,n4_o098_r2410,8,"[[1,2,3,4],[2,1,3,4],[2,3,1,4],[2,3,4,1],[2,4,1,3],[2,4,3,1],[4,2,1,3],[4,2,3,1]]"
True,True,True,6,True,True,True,True,True,n4_o098_r2411,3,"[[3,1,2,4],[3,2,1,4],[3,2,4,1]]"
True,True,True,7,True,True,True,True,True,n4_o098_r2412,6,"[[1,3,2,4],[3,1,2,4],[3,2,1,4],[3,2,4,1],[4,2,1,3],[4,2,3,1]]"
True,True,True,2,True,True,True,True,True,n4_o099_r2413,2,"[[1,2,3,4],[2,1,3,4]]"
True,True,True,2,True,True,True,True,True,n4_o099_r2414,2,"[[1,2,4,3],[2,1,4,3]]"
True,True,True,2,True,True,True,True,True,n4_o099_r2415,1,"[[1,3,2,4]]"
True,True,True,3,True,True,True,True,True,n4_o099_r2416,1,"[[1,4,2,3]]"
True,True,True,3,True,True,True,True,True,n4_o099_r2417,2,"[[1,3,2,4],[1,3,4,2]]"
True,True,True,4,True,True,True,True,True,n4_o099_r2418,2,"[[1,4,2,3],[1,4,3,2]]"
True,True,True,2,True,True,True,True,True,n4_o099_r2419,2,"[[1,2,3,4],[2,1,3,4]]"
True,True,True,2,True,True,True,True,True,n4_o099_r2420,2,"[[1,2,4,3],[2,1,4,3]]"
True,True,True,2,True,True,True,True,True,n4_o099_r2421,1,"[[3,1,2,4]]"
True,True,True,4,True,True,True,True,True,n4_o099_r2422,2,"[[1,4,2,3],[4,1,2,3]]"
True,True,True,3,True,True,True,True,True,n4_o099_r2423,2,"[[3,1,2,4],[3,1,4,2]]"
True,True,True,5,True,True,True,True,True,n4_o099_r2424,4,"[[1,4,2,3],[1,4,3,2],[4,1,2,3],[4,1,3,2]]"
True,True,True,3,True,True,True,True,True,n4_o099_r2425,1,"[[2,3,1,4]]"
True,True,True,4,True,True,True,True,True,n4_o099_r2426,1,"[[2,4,1,3]]"
True,True,True,3,True,True,True,True,True,n4_o099_r2427,1,"[[3,2,1,4]]"
True,True,True,5,True,True,True,True,True,n4_o099_r2428,2,"[[2,4,1,3],[4,2,1,3]]"
True,True,True,6,True,True,True,True,True,n4_o099_r2429,4,"[[3,1,2,4],[3,1,4,2],[3,2,1,4],[3,4,1,2]]"
True,True,True,7,True,True,True,True,True,n4_o099_r2430,10,"[[1,3,2,4],[1,3,4,2],[3,1,2,4],[3,1,4,2],[3,2,1,4],[3,4,1,2],[4,1,2,3],[4,1,3,2],[4,2,1,3],[4,3,1,2]]"
True,True,True,4,True,True,True,True,True,n4_o099_r2431,1,"[[2,3,1,4]]"
True,True,True,5,True,True,True,True,True,n4_o099_r2432,1,"[[2,4,1,3]]"
True,True,True,4,True,True,True,True,True,n4_o099_r2433,1,"[[3,2,1,4]]"
True,True,True,6,True,True,True,True,True,n4_o099_r2434,2,"[[2,4,1,3],[4,2,1,3]]"
True,True,True,6,True,True,True,True,True,n4_o099_r2435,3,"[[3,1,2,4],[3,2,1,4],[3,4,1,2]]"
True,True,True,7,True,True,True,True,True,n4_o099_r2436,7,"[[1,3,2,4],[3,1,2,4],[3,2,1,4],[3,4,1,2],[4,1,2,3],[4,2,1,3],[4,3,1,2]]"
True,True,True,1,True,True,True,True,True,n4_o100_r2437,2,"[[1,2,3,4],[2,1,3,4]]"
True,True,True,1,True,True,True,True,True,n4_o100_r2438,2,"[[1,2,4,3],[2,1,4,3]]"
True,True,True,1,True,True,True,True,True,n4_o100_r2439,1,"[[1,3,2,4]]"
True,True,True,2,True,True,True,True,True,n4_o100_r2440,1,"[[1,4,2,3]]"
True,True,True,2,True,True,True,True,True,n4_o100_r2441,1,"[[1,3,4,2]]"
True,True,True,3,True,True,True,True,True,n4_o100_r2442,1,"[[1,4,3,2]]"
True,True,True,1,True,True,True,True,True,n4_o100_r2443,2,"[[1,2,3,4],[2,1,3,4]]"
True,True,True,1,True,True,True,True,True,n4_o100_r2444,2,"[[1,2,4,3],[2,1,4,3]]"
True,True,True,1,True,True,True,True,True,n4_o100_r2445,1,"[[3,1,2,4]]"
True,True,True,3,True,True,True,True,True,n4_o100_r2446,2,"[[1,4,2,3],[4,1,2,3]]"
True,True,True,2,True,True,True,True,True,n4_o100_r2447,1,"[[3,1,4,2]]"
True,True,True,4,True,True,True,True,True,n4_o100_r2448,2,"[[1,4,3,2],[4,1,3,2]]"
True,True,True,2,True,True,True,True,True,n4_o100_r2449,1,"[[2,3,1,4]]"
True,True,True,3,True,True,True,True,True,n4_o100_r2450,1,"[[2,4,1,3]]"
True,True,True,2,True,True,True,True,True,n4_o100_r2451,1,"[[3,2,1,4]]"
True,True,True,4,True,True,True,True,True,n4_o100_r2452,2,"[[2,4,1,3],[4,2,1,3]]"
True,True,True,5,True,True,True,True,True,n4_o100_r2453,2,"[[3,1,4,2],[3,4,1,2]]"
True,True,True,6,True,True,True,True,True,n4_o100_r2454,5,"[[1,3,4,2],[3,1,4,2],[3,4,1,2],[4,1,3,2],[4,3,1,2]]"
True,True,True,4,True,True,True,True,True,n4_o100_r2455,2,"[[2,3,1,4],[2,3,4,1]]"
True,True,True,5,True,True,True,True,True,n4_o100_r2456,2,"[[2,4,1,3],[2,4,3,1]]"
True,True,True,4,True,True,True,True,True,n4_o100_r2457,2,"[[3,2,1,4],[3,2,4,1]]"
True,True,True,6,True,True,True,True,True,n4_o100_r2458,4,"[[2,4,1,3],[2,4,3,1],[4,2,1,3],[4,2,3,1]]"
True,True,True,6,True,True,True,True,True,n4_o100_r2459,5,"[[3,1,2,4],[3,2,1,4],[3,2,4,1],[3,4,1,2],[3,4,2,1]]"
True,True,True,7,True,True,True,True,True,n4_o100_r2460,11,"[[1,3,2,4],[3,1,2,4],[3,2,1,4],[3,2,4,1],[3,4,1,2],[3,4,2,1],[4,1,2,3],[4,2,1,3],[4,2,3,1],[4,3,1,2],[4,3,2,1]]"
True,True,True,1,True,True,True,True,True,n4_o101_r2461,2,"[[1,2,3,4],[2,1,3,4]]"
True,True,True,1,True,True,True,True,True,n4_o101_r2462,2,"[[1,2,4,3],[2,1,4,3]]"
True,True,True,1,True,True,True,True,True,n4_o101_r2463,1,"[[1,3,2,4]]"
True,True,True,2,True,True,True,True,True,n4_o101_r2464,1,"[[1,4,2,3]]"
True,True,True,1,True,True,True,True,True,n4_o101_r2465,1,"[[1,3,4,2]]"
True,True,True,2,True,True,True,True,True,n4_o101_r2466,1,"[[1,4,3,2]]"
True,True,True,1,True,True,True,True,True,n4_o101_r2467,2,"[[1,2,3,4],[2,1,3,4]]"
True,True,True,1,True,True,True,True,True,n4_o101_r2468,2,"[[1,2,4,3],[2,1,4,3]]"
True,True,True,1,True,True,True,True,True,n4_o101_r2469,1,"[[3,1,2,4]]"
True,True,True,3,True,True,True,True,True,n4_o101_r2470,2,"[[1,4,2,3],[4,1,2,3]]"
True,True,True,1,True,True,True,True,True,n4_o101_r2471,1,"[[3,1,4,2]]"
True,True,True,3,True,True,True,True,True,n4_o101_r2472,2,"[[1,4,3,2],[4,1,3,2]]"
True,True,True,2,True,True,True,True,True,n4_o101_r2473,1,"[[2,3,1,4]]"
True,True,True,3,True,True,True,True,True,n4_o101_r2474,1,"[[2,4,1,3]]"
True,True,True,2,True,True,True,True,True,n4_o101_r2475,1,"[[3,2,1,4]]"
True,True,True,4,True,True,True,True,True,n4_o101_r2476,2,"[[2,4,1,3],[4,2,1,3]]"
True,True,True,4,True,True,True,True,True,n4_o101_r2477,1,"[[3,4,1,2]]"
True,True,True,5,True,True,True,True,True,n4_o101_r2478,2,"[[3,4,1,2],[4,3,1,2]]"
True,True,True,3,True,True,True,True,True,n4_o101_r2479,2,"[[2,3,1,4],[2,3,4,1]]"
True,True,True,4,True,True,True,True,True,n4_o101_r2480,2,"[[2,4,1,3],[2,4,3,1]]"
True,True,True,3,True,True,True,True,True,n4_o101_r2481,2,"[[3,2,1,4],[3,2,4,1]]"
True,True,True,5,True,True,True,True,True,n4_o101_r2482,4,"[[2,4,1,3],[2,4,3,1],[4,2,1,3],[4,2,3,1]]"
True,True,True,5,True,True,True,True,True,n4_o101_r2483,2,"[[3,4,1,2],[3,4,2,1]]"
True,True,True,6,True,True,True,True,True,n4_o101_r2484,4,"[[3,4,1,2],[3,4,2,1],[4,3,1,2],[4,3,2,1]]"
True,True,True,3,True,True,True,True,True,n4_o102_r2485,2,"[[1,2,3,4],[2,1,3,4]]"
True,True,True,4,True,True,True,True,True,n4_o102_r2486,4,"[[1,2,3,4],[1,2,4,3],[2,1,3,4],[2,1,4,3]]"
True,True,True,3,True,True,True,True,True,n4_o102_r2487,1,"[[1,3,2,4]]"
True,True,True,4,True,True,True,True,True,n4_o102_r2488,1,"[[1,4,2,3]]"
True,True,True,4,True,True,True,True,True,n4_o102_r2489,1,"[[1,3,2,4]]"
True,True,True,4,True,True,,,,n4_o102_r2490,1,"[[1,4,2,3]]"
True,True,True,3,True,True,True,True,True,n4_o102_r2491,2,"[[1,2,3,4],[2,1,3,4]]"
True,True,True,4,True,True,True,True,True,n4_o102_r2492,4,"[[1,2,3,4],[1,2,4,3],[2,1,3,4],[2,1,4,3]]"
True,True,True,3,True,True,True,True,True,n4_o102_r2493,1,"[[3,1,2,4]]"
True,True,True,5,True,True,True,True,True,n4_o102_r2494,1,"[[4,1,2,3]]"
True,True,True,4,True,True,True,True,True,n4_o102_r2495,1,"[[3,1,2,4]]"
True,True,True,5,True,,,,,n4_o102_r2496,1,"[[4,1,2,3]]"
True,True,True,3,True,True,True,True,True,n4_o102_r2497,1,"[[2,3,1,4]]"
True,True,True,5,True,True,True,True,True,n4_o102_r2498,6,"[[1,2,3,4],[1,2,4,3],[2,1,3,4],[2,1,4,3],[2,3,1,4],[2,4,1,3]]"
True,True,True,3,True,True,True,True,True,n4_o102_r2499,1,"[[3,2,1,4]]"
True,True,True,6,True,True,True,True,True,n4_o102_r2500,2,"[[4,1,2,3],[4,2,1,3]]"
True,True,True,5,True,True,True,True,True,n4_o102_r2501,2,"[[3,1,2,4],[3,2,1,4]]"
True,True,True,6,True,,,,,n4_o102_r2502,1,"[[4,1,2,3]]"
True,True,True,4,True,True,True,True,True,n4_o102_r2503,1,"[[2,3,1,4]]"
True,True,True,5,True,True,True,True,True,n4_o102_r2504,4,"[[1,2,3,4],[2,1,3,4],[2,3,1,4],[2,4,1,3]]"
True,True,True,4,True,True,True,True,True,n4_o102_r2505,1,"[[3,2,1,4]]"
True,True,True,6,True,,,,,n4_o102_r2506,1,"[[4,2,1,3]]"
True,True,True,5,True,True,True,True,True,n4_o102_r2507,2,"[[3,1,2,4],[3,2,1,4]]"
True,True,True,6,True,,,,,n4_o102_r2508,1,"[[4,2,1,3]]"
True,True,True,2,True,True,True,True,True,n4_o103_r2509,2,"[[1,2,3,4],[2,1,3,4]]"
True,True,True,3,True,True,True,True,True,n4_o103_r2510,2,"[[1,2,4,3],[2,1,4,3]]"
True,True,True,2,True,True,True,True,True,n4_o103_r2511,1,"[[1,3,2,4]]"
True,True,True,3,True,True,True,True,True,n4_o103_r2512,1,"[[1,4,2,3]]"
True,True,True,4,True,True,True,True,True,n4_o103_r2513,2,"[[1,3,2,4],[1,3,4,2]]"
True,True,True,4,True,True,True,True,True,n4_o103_r2514,2,"[[1,4,2,3],[1,4,3,2]]"
True,True,True,2,True,True,True,True,True,n4_o103_r2515,2,"[[1,2,3,4],[2,1,3,4]]"
True,True,True,3,True,True,True,True,True,n4_o103_r2516,2,"[[1,2,4,3],[2,1,4,3]]"
True,True,True,2,True,True,True,True,True,n4_o103_r2517,1,"[[3,1,2,4]]"
True,True,True,4,True,True,True,True,True,n4_o103_r2518,1,"[[4,1,2,3]]"
True,True,True,4,True,True,True,True,True,n4_o103_r2519,2,"[[3,1,2,4],[3,1,4,2]]"
True,True,True,5,True,,True,True,,n4_o103_r2520,2,"[[4,1,2,3],[4,1,3,2]]"
True,True,True,2,True,True,True,True,True,n4_o103_r2521,1,"[[2,3,1,4]]"
True,True,True,4,True,True,True,True,True,n4_o103_r2522,3,"[[1,2,4,3],[2,1,4,3],[2,4,1,3]]"
True,True,True,2,True,True,True,True,True,n4_o103_r2523,1,"[[3,2,1,4]]"
True,True,True,5,True,True,True,True,True,n4_o103_r2524,2,"[[4,1,2,3],[4,2,1,3]]"
True,True,True,5,True,True,True,True,True,n4_o103_r2525,3,"[[3,1,2,4],[3,1,4,2],[3,2,1,4]]"
True,True,True,6,True,,True,,,n4_o103_r2526,2,"[[4,1,2,3],[4,1,3,2]]"
True,True,True,4,True,True,True,True,True,n4_o103_r2527,1,"[[2,3,1,4]]"
True,True,True,5,True,True,True,True,True,n4_o103_r2528,4,"[[1,2,3,4],[2,1,3,4],[2,3,1,4],[2,4,1,3]]"
True,True,True,4,True,True,True,True,True,n4_o103_r2529,1,"[[3,2,1,4]]"
True,True,True,6,True,,,,,n4_o103_r2530,1,"[[4,2,1,3]]"
True,True,True,5,True,True,True,True,True,n4_o103_r2531,2,"[[3,1,2,4],[3,2,1,4]]"
True,True,True,6,True,,,,,n4_o103_r2532,1,"[[4,2,1,3]]"
True,True,True,1,True,True,True,True,True,n4_o104_r2533,2,"[[1,2,3,4],[2,1,3,4]]"
True,True,True,2,True,True,True,True,True,n4_o104_r2534,2,"[[1,2,4,3],[2,1,4,3]]"
True,True,True,1,True,True,True,True,True,n4_o104_r2535,1,"[[1,3,2,4]]"
True,True,True,2,True,True,True,True,True,n4_o104_r2536,1,"[[1,4,2,3]]"
True,True,True,3,True,True,True,True,True,n4_o104_r2537,1,"[[1,3,4,2]]"
True,True,True,3,True,True,True,True,True,n4_o104_r2538,1,"[[1,4,3,2]]"
True,True,True,1,True,True,True,True,True,n4_o104_r2539,2,"[[1,2,3,4],[2,1,3,4]]"
True,True,True,2,True,True,True,True,True,n4_o104_r2540,2,"[[1,2,4,3],[2,1,4,3]]"
True,True,True,1,True,True,True,True,True,n4_o104_r2541,1,"[[3,1,2,4]]"
True,True,True,3,True,True,True,True,True,n4_o104_r2542,1,"[[4,1,2,3]]"
True,True,True,3,True,True,True,True,True,n4_o104_r2543,1,"[[3,1,4,2]]"
True,True,True,4,True,,True,True,,n4_o104_r2544,1,"[[4,1,3,2]]"
True,True,True,1,True,True,True,True,True,n4_o104_r2545,1,"[[2,3,1,4]]"
True,True,True,3,True,True,True,True,True,n4_o104_r2546,3,"[[1,2,4,3],[2,1,4,3],[2,4,1,3]]"
True,True,True,1,True,True,True,True,True,n4_o104_r2547,1,"[[3,2,1,4]]"
True,True,True,4,True,True,True,True,True,n4_o104_r2548,2,"[[4,1,2,3],[4,2,1,3]]"
True,True,True,4,True,True,True,True,True,n4_o104_r2549,1,"[[3,1,4,2]]"
True,True,True,5,True,,True,,,n4_o104_r2550,1,"[[4,1,3,2]]"
True,True,True,4,True,True,True,True,True,n4_o104_r2551,2,"[[2,3,1,4],[2,3,4,1]]"
True,True,True,5,True,True,True,True,True,n4_o104_r2552,6,"[[1,2,3,4],[2,1,3,4],[2,3,1,4],[2,3,4,1],[2,4,1,3],[2,4,3,1]]"
True,True,True,4,True,True,True,True,True,n4_o104_r2553,2,"[[3,2,1,4],[3,2,4,1]]"
True,True,True,6,True,True,,True,,n4_o104_r2554,2,"[[4,2,1,3],[4,2,3,1]]"
True,True,True,5,True,True,True,True,True,n4_o104_r2555,3,"[[3,1,2,4],[3,2,1,4],[3,2,4,1]]"
True,True,True,6,True,True,,,,n4_o104_r2556,2,"[[4,2,1,3],[4,2,3,1]]"
True,True,True,2,True,True,True,True,True,n4_o105_r2557,2,"[[1,2,3,4],[2,1,3,4]]"
True,True,True,2,True,True,True,True,True,n4_o105_r2558,2,"[[1,2,4,3],[2,1,4,3]]"
True,True,True,2,True,True,True,True,True,n4_o105_r2559,1,"[[1,3,2,4]]"
True,True,True,2,True,True,True,True,True,n4_o105_r2560,1,"[[1,4,2,3]]"
True,True,True,3,True,True,True,True,True,n4_o105_r2561,2,"[[1,3,2,4],[1,3,4,2]]"
True,True,True,3,True,True,True,True,True,n4_o105_r2562,2,"[[1,4,2,3],[1,4,3,2]]"
True,True,True,2,True,True,True,True,True,n4_o105_r2563,2,"[[1,2,3,4],[2,1,3,4]]"
True,True,True,2,True,True,True,True,True,n4_o105_r2564,2,"[[1,2,4,3],[2,1,4,3]]"
True,True,True,2,True,True,True,True,True,n4_o105_r2565,1,"[[3,1,2,4]]"
True,True,True,3,True,True,True,True,True,n4_o105_r2566,1,"[[4,1,2,3]]"
True,True,True,3,True,True,True,True,True,n4_o105_r2567,2,"[[3,1,2,4],[3,1,4,2]]"
True,True,True,4,True,True,True,True,True,n4_o105_r2568,2,"[[4,1,2,3],[4,1,3,2]]"
True,True,True,2,True,True,True,True,True,n4_o105_r2569,1,"[[2,3,1,4]]"
True,True,True,3,True,True,True,True,True,n4_o105_r2570,1,"[[2,4,1,3]]"
True,True,True,2,True,True,True,True,True,n4_o105_r2571,1,"[[3,2,1,4]]"
True,True,True,4,True,True,True,True,True,n4_o105_r2572,1,"[[4,2,1,3]]"
True,True,True,5,True,True,True,True,True,n4_o105_r2573,4,"[[3,1,2,4],[3,1,4,2],[3,2,1,4],[3,4,1,2]]"
True,True,True,6,True,True,True,True,True,n4_o105_r2574,4,"[[4,1,2,3],[4,1,3,2],[4,2,1,3],[4,3,1,2]]"
True,True,True,3,True,True,True,True,True,n4_o105_r2575,1,"[[2,3,1,4]]"
True,True,True,4,True,True,True,True,True,n4_o105_r2576,1,"[[2,4,1,3]]"
True,True,True,3,True,True,True,True,True,n4_o105_r2577,1,"[[3,2,1,4]]"
True,True,True,5,True,True,True,True,True,n4_o105_r2578,1,"[[4,2,1,3]]"
True,True,True,5,True,True,True,True,True,n4_o105_r2579,3,"[[3,1,2,4],[3,2,1,4],[3,4,1,2]]"
True,True,True,6,True,,,,,n4_o105_r2580,3,"[[4,1,2,3],[4,2,1,3],[4,3,1,2]]"
True,True,True,1,True,True,True,True,True,n4_o106_r2581,2,"[[1,2,3,4],[2,1,3,4]]"
True,True,True,1,True,True,True,True,True,n4_o106_r2582,2,"[[1,2,4,3],[2,1,4,3]]"
True,True,True,1,True,True,True,True,True,n4_o106_r2583,1,"[[1,3,2,4]]"
True,True,True,1,True,True,True,True,True,n4_o106_r2584,1,"[[1,4,2,3]]"
True,True,True,2,True,True,True,True,True,n4_o106_r2585,1,"[[1,3,4,2]]"
True,True,True,2,True,True,True,True,True,n4_o106_r2586,1,"[[1,4,3,2]]"
True,True,True,1,True,True,True,True,True,n4_o106_r2587,2,"[[1,2,3,4],[2,1,3,4]]"
True,True,True,1,True,True,True,True,True,n4_o106_r2588,2,"[[1,2,4,3],[2,1,4,3]]"
True,True,True,1,True,True,True,True,True,n4_o106_r2589,1,"[[3,1,2,4]]"
True,True,True,2,True,True,True,True,True,n4_o106_r2590,1,"[[4,1,2,3]]"
True,True,True,2,True,True,True,True,True,n4_o106_r2591,1,"[[3,1,4,2]]"
True,True,True,3,True,True,True,True,True,n4_o106_r2592,1,"[[4,1,3,2]]"
True,True,True,1,True,True,True,True,True,n4_o106_r2593,1,"[[2,3,1,4]]"
True,True,True,2,True,True,True,True,True,n4_o106_r2594,1,"[[2,4,1,3]]"
True,True,True,1,True,True,True,True,True,n4_o106_r2595,1,"[[3,2,1,4]]"
True,True,True,3,True,True,True,True,True,n4_o106_r2596,1,"[[4,2,1,3]]"
True,True,True,4,True,True,True,True,True,n4_o106_r2597,2,"[[3,1,4,2],[3,4,1,2]]"
True,True,True,5,True,True,True,True,True,n4_o106_r2598,2,"[[4,1,3,2],[4,3,1,2]]"
True,True,True,3,True,True,True,True,True,n4_o106_r2599,2,"[[2,3,1,4],[2,3,4,1]]"
True,True,True,4,True,True,True,True,True,n4_o106_r2600,2,"[[2,4,1,3],[2,4,3,1]]"
True,True,True,3,True,True,True,True,True,n4_o106_r2601,2,"[[3,2,1,4],[3,2,4,1]]"
True,True,True,5,True,True,True,True,True,n4_o106_r2602,2,"[[4,2,1,3],[4,2,3,1]]"
True,True,True,5,True,True,True,True,True,n4_o106_r2603,5,"[[3,1,2,4],[3,2,1,4],[3,2,4,1],[3,4,1,2],[3,4,2,1]]"
True,True,True,6,True,True,True,,,n4_o106_r2604,5,"[[4,1,2,3],[4,2,1,3],[4,2,3,1],[4,3,1,2],[4,3,2,1]]"
True,True,True,1,True,True,True,True,True,n4_o107_r2605,2,"[[1,2,3,4],[2,1,3,4]]"
True,True,True,1,True,True,True,True,True,n4_o107_r2606,2,"[[1,2,4,3],[2,1,4,3]]"
True,True,True,1,True,True,True,True,True,n4_o107_r2607,1,"[[1,3,2,4]]"
True,True,True,1,True,True,True,True,True,n4_o107_r2608,1,"[[1,4,2,3]]"
True,True,True,1,True,True,True,True,True,n4_o107_r2609,1,"[[1,3,4,2]]"
True,True,True,1,True,True,True,True,True,n4_o107_r2610,1,"[[1,4,3,2]]"
True,True,True,1,True,True,True,True,True,n4_o107_r2611,2,"[[1,2,3,4],[2,1,3,4]]"
True,True,True,1,True,True,True,True,True,n4_o107_r2612,2,"[[1,2,4,3],[2,1,4,3]]"
True,True,True,1,True,True,True,True,True,n4_o107_r2613,1,"[[3,1,2,4]]"
True,True,True,2,True,True,True,True,True,n4_o107_r2614,1,"[[4,1,2,3]]"
True,True,True,1,True,True,True,True,True,n4_o107_r2615,1,"[[3,1,4,2]]"
True,True,True,2,True,True,True,True,True,n4_o107_r2616,1,"[[4,1,3,2]]"
True,True,True,1,True,True,True,True,True,n4_o107_r2617,1,"[[2,3,1,4]]"
True,True,True,2,True,True,True,True,True,n4_o107_r2618,1,"[[2,4,1,3]]"
True,True,True,1,True,True,True,True,True,n4_o107_r2619,1,"[[3,2,1,4]]"
True,True,True,3,True,True,True,True,True,n4_o107_r2620,1,"[[4,2,1,3]]"
True,True,True,3,True,True,True,True,True,n4_o107_r2621,1,"[[3,4,1,2]]"
True,True,True,4,True,True,True,True,True,n4_o107_r2622,1,"[[4,3,1,2]]"
True,True,True,2,True,True,True,True,True,n4_o107_r2623,2,"[[2,3,1,4],[2,3,4,1]]"
True,True,True,3,True,True,True,True,True,n4_o107_r2624,2,"[[2,4,1,3],[2,4,3,1]]"
True,True,True,2,True,True,True,True,True,n4_o107_r2625,2,"[[3,2,1,4],[3,2,4,1]]"
True,True,True,4,True,True,True,True,True,n4_o107_r2626,2,"[[4,2,1,3],[4,2,3,1]]"
True,True,True,4,True,True,True,True,True,n4_o107_r2627,2,"[[3,4,1,2],[3,4,2,1]]"
True,True,True,5,True,True,True,True,True,n4_o107_r2628,2,"[[4,3,1,2],[4,3,2,1]]"
True,True,True,2,True,True,True,True,True,n4_o108_r2629,3,"[[1,2,3,4],[1,3,2,4],[2,1,3,4]]"
True,True,True,2,True,True,True,True,True,n4_o108_r2630,2,"[[1,2,4,3],[2,1,4,3]]"
True,True,True,2,True,True,True,True,True,n4_o108_r2631,3,"[[1,2,3,4],[1,3,2,4],[2,1,3,4]]"
True,True,True,2,True,True,True,True,True,n4_o108_r2632,1,"[[1,4,2,3]]"
True,True,True,3,True,True,True,True,True,n4_o108_r2633,4,"[[1,2,3,4],[1,3,2,4],[1,3,4,2],[2,1,3,4]]"
True,True,True,3,True,True,True,True,True,n4_o108_r2634,2,"[[1,4,2,3],[1,4,3,2]]"
True,True,True,2,True,True,True,True,True,n4_o108_r2635,3,"[[1,2,3,4],[2,1,3,4],[2,3,1,4]]"
True,True,True,2,True,True,True,True,True,n4_o108_r2636,2,"[[1,2,4,3],[2,1,4,3]]"
True,True,True,2,True,True,True,True,True,n4_o108_r2637,2,"[[3,1,2,4],[3,2,1,4]]"
True,True,True,3,True,True,True,True,True,n4_o108_r2638,1,"[[4,1,2,3]]"
True,True,True,3,True,True,True,True,True,n4_o108_r2639,3,"[[3,1,2,4],[3,1,4,2],[3,2,1,4]]"
True,True,True,4,True,True,True,True,True,n4_o108_r2640,2,"[[4,1,2,3],[4,1,3,2]]"
True,True,True,2,True,True,True,True,True,n4_o108_r2641,3,"[[1,2,3,4],[2,1,3,4],[2,3,1,4]]"
True,True,True,2,True,True,True,True,True,n4_o108_r2642,1,"[[2,4,1,3]]"
True,True,True,2,True,True,True,True,True,n4_o108_r2643,2,"[[3,1,2,4],[3,2,1,4]]"
True,True,True,3,True,True,True,True,True,n4_o108_r2644,1,"[[4,2,1,3]]"
True,True,True,4,True,True,True,True,True,n4_o108_r2645,4,"[[3,1,2,4],[3,1,4,2],[3,2,1,4],[3,4,1,2]]"
True,True,True,5,True,True,True,True,True,n4_o108_r2646,4,"[[4,1,2,3],[4,1,3,2],[4,2,1,3],[4,3,1,2]]"
True,True,True,3,True,True,True,True,True,n4_o108_r2647,3,"[[1,2,3,4],[2,1,3,4],[2,3,1,4]]"
True,True,True,3,True,True,True,True,True,n4_o108_r2648,1,"[[2,4,1,3]]"
True,True,True,3,True,True,True,True,True,n4_o108_r2649,2,"[[3,1,2,4],[3,2,1,4]]"
True,True,True,4,True,True,True,True,True,n4_o108_r2650,1,"[[4,2,1,3]]"
True,True,True,4,True,True,True,True,True,n4_o108_r2651,3,"[[3,1,2,4],[3,2,1,4],[3,4,1,2]]"
True,True,True,5,True,,,,,n4_o108_r2652,3,"[[4,1,2,3],[4,2,1,3],[4,3,1,2]]"
True,True,True,1,True,True,True,True,True,n4_o109_r2653,3,"[[1,2,3,4],[1,3,2,4],[2,1,3,4]]"
True,True,True,1,True,True,True,True,True,n4_o109_r2654,2,"[[1,2,4,3],[2,1,4,3]]"
True,True,True,1,True,True,True,True,True,n4_o109_r2655,3,"[[1,2,3,4],[1,3,2,4],[2,1,3,4]]"
True,True,True,1,True,True,True,True,True,n4_o109_r2656,1,"[[1,4,2,3]]"
True,True,True,2,True,True,True,True,True,n4_o109_r2657,1,"[[1,3,4,2]]"
True,True,True,2,True,True,True,True,True,n4_o109_r2658,1,"[[1,4,3,2]]"
True,True,True,1,True,True,True,True,True,n4_o109_r2659,3,"[[1,2,3,4],[2,1,3,4],[2,3,1,4]]"
True,True,True,1,True,True,True,True,True,n4_o109_r2660,2,"[[1,2,4,3],[2,1,4,3]]"
True,True,True,1,True,True,True,True,True,n4_o109_r2661,2,"[[3,1,2,4],[3,2,1,4]]"
True,True,True,2,True,True,True,True,True,n4_o109_r2662,1,"[[4,1,2,3]]"
True,True,True,2,True,True,True,True,True,n4_o109_r2663,1,"[[3,1,4,2]]"
True,True,True,3,True,True,True,True,True,n4_o109_r2664,1,"[[4,1,3,2]]"
True,True,True,1,True,True,True,True,True,n4_o109_r2665,3,"[[1,2,3,4],[2,1,3,4],[2,3,1,4]]"
True,True,True,1,True,True,True,True,True,n4_o109_r2666,1,"[[2,4,1,3]]"
True,True,True,1,True,True,True,True,True,n4_o109_r2667,2,"[[3,1,2,4],[3,2,1,4]]"
True,True,True,2,True,True,True,True,True,n4_o109_r2668,1,"[[4,2,1,3]]"
True,True,True,3,True,True,True,True,True,n4_o109_r2669,2,"[[3,1,4,2],[3,4,1,2]]"
True,True,True,4,True,True,True,True,True,n4_o109_r2670,2,"[[4,1,3,2],[4,3,1,2]]"
True,True,True,3,True,True,True,True,True,n4_o109_r2671,4,"[[1,2,3,4],[2,1,3,4],[2,3,1,4],[2,3,4,1]]"
True,True,True,3,True,True,True,True,True,n4_o109_r2672,2,"[[2,4,1,3],[2,4,3,1]]"
True,True,True,3,True,True,True,True,True,n4_o109_r2673,3,"[[3,1,2,4],[3,2,1,4],[3,2,4,1]]"
True,True,True,4,True,True,True,True,True,n4_o109_r2674,2,"[[4,2,1,3],[4,2,3,1]]"
True,True,True,4,True,True,True,True,True,n4_o109_r2675,5,"[[3,1,2,4],[3,2,1,4],[3,2,4,1],[3,4,1,2],[3,4,2,1]]"
True,True,True,5,True,True,True,True,True,n4_o109_r2676,5,"[[4,1,2,3],[4,2,1,3],[4,2,3,1],[4,3,1,2],[4,3,2,1]]"
True,True,True,1,True,True,True,True,True,n4_o110_r2677,3,"[[1,2,3,4],[1,3,2,4],[2,1,3,4]]"
True,True,True,1,True,True,True,True,True,n4_o110_r2678,2,"[[1,2,4,3],[2,1,4,3]]"
True,True,True,1,True,True,True,True,True,n4_o110_r2679,3,"[[1,2,3,4],[1,3,2,4],[2,1,3,4]]"
True,True,True,1,True,True,True,True,True,n4_o110_r2680,1,"[[1,4,2,3]]"
True,True,True,1,True,True,True,True,True,n4_o110_r2681,1,"[[1,3,4,2]]"
True,True,True,1,True,True,True,True,True,n4_o110_r2682,1,"[[1,4,3,2]]"
True,True,True,1,True,True,True,True,True,n4_o110_r2683,3,"[[1,2,3,4],[2,1,3,4],[2,3,1,4]]"
True,True,True,1,True,True,True,True,True,n4_o110_r2684,2,"[[1,2,4,3],[2,1,4,3]]"
True,True,True,1,True,True,True,True,True,n4_o110_r2685,2,"[[3,1,2,4],[3,2,1,4]]"
True,True,True,2,True,True,True,True,True,n4_o110_r2686,1,"[[4,1,2,3]]"
True,True,True,1,True,True,True,True,True,n4_o110_r2687,1,"[[3,1,4,2]]"
True,True,True,2,True,True,True,True,True,n4_o110_r2688,1,"[[4,1,3,2]]"
True,True,True,1,True,True,True,True,True,n4_o110_r2689,3,"[[1,2,3,4],[2,1,3,4],[2,3,1,4]]"
True,True,True,1,True,True,True,True,True,n4_o110_r2690,1,"[[2,4,1,3]]"
True,True,True,1,True,True,True,True,True,n4_o110_r2691,2,"[[3,1,2,4],[3,2,1,4]]"
True,True,True,2,True,True,True,True,True,n4_o110_r2692,1,"[[4,2,1,3]]"
True,True,True,2,True,True,True,True,True,n4_o110_r2693,1,"[[3,4,1,2]]"
True,True,True,3,True,True,True,True,True,n4_o110_r2694,1,"[[4,3,1,2]]"
True,True,True,2,True,True,True,True,True,n4_o110_r2695,4,"[[1,2,3,4],[2,1,3,4],[2,3,1,4],[2,3,4,1]]"
True,True,True,2,True,True,True,True,True,n4_o110_r2696,2,"[[2,4,1,3],[2,4,3,1]]"
True,True,True,2,True,True,True,True,True,n4_o110_r2697,3,"[[3,1,2,4],[3,2,1,4],[3,2,4,1]]"
True,True,True,3,True,True,True,True,True,n4_o110_r2698,2,"[[4,2,1,3],[4,2,3,1]]"
True,True,True,3,True,True,True,True,True,n4_o110_r2699,2,"[[3,4,1,2],[3,4,2,1]]"
True,True,True,4,True,True,True,True,True,n4_o110_r2700,2,"[[4,3,1,2],[4,3,2,1]]"
True,True,True,1,True,True,True,True,True,n4_o111_r2701,3,"[[1,2,3,4],[1,3,2,4],[2,1,3,4]]"
True,True,True,1,True,True,True,True,True,n4_o111_r2702,3,"[[1,2,4,3],[1,4,2,3],[2,1,4,3]]"
True,True,True,1,True,True,True,True,True,n4_o111_r2703,3,"[[1,2,3,4],[1,3,2,4],[2,1,3,4]]"
True,True,True,1,True,True,True,True,True,n4_o111_r2704,3,"[[1,2,4,3],[1,4,2,3],[2,1,4,3]]"
True,True,True,1,True,True,True,True,True,n4_o111_r2705,1,"[[1,3,4,2]]"
True,True,True,1,True,True,True,True,True,n4_o111_r2706,1,"[[1,4,3,2]]"
True,True,True,1,True,True,True,True,True,n4_o111_r2707,3,"[[1,2,3,4],[2,1,3,4],[2,3,1,4]]"
True,True,True,1,True,True,True,True,True,n4_o111_r2708,3,"[[1,2,4,3],[2,1,4,3],[2,4,1,3]]"
True,True,True,1,True,True,True,True,True,n4_o111_r2709,2,"[[3,1,2,4],[3,2,1,4]]"
True,True,True,2,True,True,True,True,True,n4_o111_r2710,2,"[[4,1,2,3],[4,2,1,3]]"
True,True,True,1,True,True,True,True,True,n4_o111_r2711,1,"[[3,1,4,2]]"
True,True,True,2,True,True,True,True,True,n4_o111_r2712,1,"[[4,1,3,2]]"
True,True,True,1,True,True,True,True,True,n4_o111_r2713,3,"[[1,2,3,4],[2,1,3,4],[2,3,1,4]]"
True,True,True,1,True,True,True,True,True,n4_o111_r2714,3,"[[1,2,4,3],[2,1,4,3],[2,4,1,3]]"
True,True,True,1,True,True,True,True,True,n4_o111_r2715,2,"[[3,1,2,4],[3,2,1,4]]"
True,True,True,2,True,True,True,True,True,n4_o111_r2716,2,"[[4,1,2,3],[4,2,1,3]]"
True,True,True,1,True,True,True,True,True,n4_o111_r2717,1,"[[3,4,1,2]]"
True,True,True,2,True,True,True,True,True,n4_o111_r2718,1,"[[4,3,1,2]]"
True,True,True,2,True,True,True,True,True,n4_o111_r2719,4,"[[1,2,3,4],[2,1,3,4],[2,3,1,4],[2,3,4,1]]"
True,True,True,2,True,True,True,True,True,n4_o111_r2720,4,"[[1,2,4,3],[2,1,4,3],[2,4,1,3],[2,4,3,1]]"
True,True,True,2,True,True,True,True,True,n4_o111_r2721,3,"[[3,1,2,4],[3,2,1,4],[3,2,4,1]]"
True,True,True,3,True,True,True,True,True,n4_o111_r2722,3,"[[4,1,2,3],[4,2,1,3],[4,2,3,1]]"
True,True,True,2,True,True,True,True,True,n4_o111_r2723,2,"[[3,4,1,2],[3,4,2,1]]"
True,True,True,3,True,True,True,True,True,n4_o111_r2724,2,"[[4,3,1,2],[4,3,2,1]]"
True,True,True,3,True,True,True,True,True,n4_o112_r2725,2,"[[1,2,3,4],[2,1,3,4]]"
True,True,True,4,True,True,True,True,True,n4_o112_r2726,4,"[[1,2,3,4],[1,2,4,3],[2,1,3,4],[2,1,4,3]]"
True,True,True,3,True,True,True,True,True,n4_o112_r2727,2,"[[1,3,2,4],[3,1,2,4]]"
True,True,True,4,True,True,True,True,True,n4_o112_r2728,1,"[[1,4,2,3]]"
True,True,True,4,True,True,True,True,True,n4_o112_r2729,2,"[[1,3,2,4],[3,1,2,4]]"
True,True,True,4,True,True,,,,n4_o112_r2730,1,"[[1,4,2,3]]"
True,True,True,3,True,True,True,True,True,n4_o112_r2731,2,"[[1,2,3,4],[2,1,3,4]]"
True,True,True,4,True,True,True,True,True,n4_o112_r2732,4,"[[1,2,3,4],[1,2,4,3],[2,1,3,4],[2,1,4,3]]"
True,True,True,3,True,True,True,True,True,n4_o112_r2733,2,"[[1,3,2,4],[3,1,2,4]]"
True,True,True,4,True,True,True,True,True,n4_o112_r2734,1,"[[4,1,2,3]]"
True,True,True,4,True,True,True,True,True,n4_o112_r2735,2,"[[1,3,2,4],[3,1,2,4]]"
True,True,True,4,True,,,,,n4_o112_r2736,1,"[[4,1,2,3]]"
True,True,True,3,True,True,True,True,True,n4_o112_r2737,1,"[[2,3,1,4]]"
True,True,True,5,True,True,True,True,True,n4_o112_r2738,6,"[[1,2,3,4],[1,2,4,3],[2,1,3,4],[2,1,4,3],[2,3,1,4],[2,4,1,3]]"
True,True,True,3,True,True,True,True,True,n4_o112_r2739,1,"[[3,2,1,4]]"
True,True,True,5,True,True,True,True,True,n4_o112_r2740,2,"[[4,1,2,3],[4,2,1,3]]"
True,True,True,5,True,True,True,True,True,n4_o112_r2741,3,"[[1,3,2,4],[3,1,2,4],[3,2,1,4]]"
True,True,True,5,True,,,,,n4_o112_r2742,1,"[[4,1,2,3]]"
True,True,True,4,True,True,True,True,True,n4_o112_r2743,1,"[[2,3,1,4]]"
True,True,True,5,True,True,True,True,True,n4_o112_r2744,4,"[[1,2,3,4],[2,1,3,4],[2,3,1,4],[2,4,1,3]]"
True,True,True,4,True,True,True,True,True,n4_o112_r2745,1,"[[3,2,1,4]]"
True,True,True,5,True,,,,,n4_o112_r2746,1,"[[4,2,1,3]]"
True,True,True,5,True,True,True,True,True,n4_o112_r2747,3,"[[1,3,2,4],[3,1,2,4],[3,2,1,4]]"
True,True,True,5,True,,,,,n4_o112_r2748,1,"[[4,2,1,3]]"
True,True,True,2,True,True,True,True,True,n4_o113_r2749,2,"[[1,2,3,4],[2,1,3,4]]"
True,True,True,3,True,True,True,True,True,n4_o113_r2750,2,"[[1,2,4,3],[2,1,4,3]]"
True,True,True,2,True,True,True,True,True,n4_o113_r2751,2,"[[1,3,2,4],[3,1,2,4]]"
True,True,True,3,True,True,True,True,True,n4_o113_r2752,1,"[[1,4,2,3]]"
True,True,True,4,True,True,True,True,True,n4_o113_r2753,4,"[[1,3,2,4],[1,3,4,2],[3,1,2,4],[3,1,4,2]]"
True,True,True,4,True,True,True,True,True,n4_o113_r2754,2,"[[1,4,2,3],[1,4,3,2]]"
True,True,True,2,True,True,True,True,True,n4_o113_r2755,2,"[[1,2,3,4],[2,1,3,4]]"
True,True,True,3,True,True,True,True,True,n4_o113_r2756,2,"[[1,2,4,3],[2,1,4,3]]"
True,True,True,2,True,True,True,True,True,n4_o113_r2757,2,"[[1,3,2,4],[3,1,2,4]]"
True,True,True,3,True,True,True,True,True,n4_o113_r2758,1,"[[4,1,2,3]]"
True,True,True,4,True,True,True,True,True,n4_o113_r2759,4,"[[1,3,2,4],[1,3,4,2],[3,1,2,4],[3,1,4,2]]"
True,True,True,4,True,,True,True,,n4_o113_r2760,2,"[[4,1,2,3],[4,1,3,2]]"
True,True,True,2,True,True,True,True,True,n4_o113_r2761,1,"[[2,3,1,4]]"
True,True,True,4,True,True,True,True,True,n4_o113_r2762,3,"[[1,2,4,3],[2,1,4,3],[2,4,1,3]]"
True,True,True,2,True,True,True,True,True,n4_o113_r2763,1,"[[3,2,1,4]]"
True,True,True,4,True,True,True,True,True,n4_o113_r2764,2,"[[4,1,2,3],[4,2,1,3]]"
True,True,True,5,True,True,True,True,True,n4_o113_r2765,5,"[[1,3,2,4],[1,3,4,2],[3,1,2,4],[3,1,4,2],[3,2,1,4]]"
True,True,True,5,True,,True,,,n4_o113_r2766,2,"[[4,1,2,3],[4,1,3,2]]"
True,True,True,4,True,True,True,True,True,n4_o113_r2767,1,"[[2,3,1,4]]"
True,True,True,5,True,True,True,True,True,n4_o113_r2768,4,"[[1,2,3,4],[2,1,3,4],[2,3,1,4],[2,4,1,3]]"
True,True,True,4,True,True,True,True,True,n4_o113_r2769,1,"[[3,2,1,4]]"
True,True,True,5,True,,,,,n4_o113_r2770,1,"[[4,2,1,3]]"
True,True,True,5,True,True,True,True,True,n4_o113_r2771,3,"[[1,3,2,4],[3,1,2,4],[3,2,1,4]]"
True,True,True,5,True,,,,,n4_o113_r2772,1,"[[4,2,1,3]]"
True,True,True,1,True,True,True,True,True,n4_o114_r2773,2,"[[1,2,3,4],[2,1,3,4]]"
True,True,True,2,True,True,True,True,True,n4_o114_r2774,2,"[[1,2,4,3],[2,1,4,3]]"
True,True,True,1,True,True,True,True,True,n4_o114_r2775,2,"[[1,3,2,4],[3,1,2,4]]"
True,True,True,2,True,True,True,True,True,n4_o114_r2776,1,"[[1,4,2,3]]"
True,True,True,3,True,True,True,True,True,n4_o114_r2777,2,"[[1,3,4,2],[3,1,4,2]]"
True,True,True,3,True,True,True,True,True,n4_o114_r2778,1,"[[1,4,3,2]]"
True,True,True,1,True,True,True,True,True,n4_o114_r2779,2,"[[1,2,3,4],[2,1,3,4]]"
True,True,True,2,True,True,True,True,True,n4_o114_r2780,2,"[[1,2,4,3],[2,1,4,3]]"
True,True,True,1,True,True,True,True,True,n4_o114_r2781,2,"[[1,3,2,4],[3,1,2,4]]"
True,True,True,2,True,True,True,True,True,n4_o114_r2782,1,"[[4,1,2,3]]"
True,True,True,3,True,True,True,True,True,n4_o114_r2783,2,"[[1,3,4,2],[3,1,4,2]]"
True,True,True,3,True,,True,True,,n4_o114_r2784,1,"[[4,1,3,2]]"
True,True,True,1,True,True,True,True,True,n4_o114_r2785,1,"[[2,3,1,4]]"
True,True,True,3,True,True,True,True,True,n4_o114_r2786,3,"[[1,2,4,3],[2,1,4,3],[2,4,1,3]]"
True,True,True,1,True,True,True,True,True,n4_o114_r2787,1,"[[3,2,1,4]]"
True,True,True,3,True,True,True,True,True,n4_o114_r2788,2,"[[4,1,2,3],[4,2,1,3]]"
True,True,True,4,True,True,True,True,True,n4_o114_r2789,2,"[[1,3,4,2],[3,1,4,2]]"
True,True,True,4,True,,True,,,n4_o114_r2790,1,"[[4,1,3,2]]"
True,True,True,4,True,True,True,True,True,n4_o114_r2791,2,"[[2,3,1,4],[2,3,4,1]]"
True,True,True,5,True,True,True,True,True,n4_o114_r2792,6,"[[1,2,3,4],[2,1,3,4],[2,3,1,4],[2,3,4,1],[2,4,1,3],[2,4,3,1]]"
True,True,True,4,True,True,True,True,True,n4_o114_r2793,2,"[[3,2,1,4],[3,2,4,1]]"
True,True,True,5,True,True,,True,,n4_o114_r2794,2,"[[4,2,1,3],[4,2,3,1]]"
True,True,True,5,True,True,True,True,True,n4_o114_r2795,4,"[[1,3,2,4],[3,1,2,4],[3,2,1,4],[3,2,4,1]]"
True,True,True,5,True,True,,,,n4_o114_r2796,2,"[[4,2,1,3],[4,2,3,1]]"
True,True,True,2,True,True,True,True,True,n4_o115_r2797,2,"[[1,2,3,4],[2,1,3,4]]"
True,True,True,2,True,True,True,True,True,n4_o115_r2798,2,"[[1,2,4,3],[2,1,4,3]]"
True,True,True,2,True,True,True,True,True,n4_o115_r2799,2,"[[1,3,2,4],[3,1,2,4]]"
True,True,True,2,True,True,True,True,True,n4_o115_r2800,1,"[[1,4,2,3]]"
True,True,True,3,True,True,True,True,True,n4_o115_r2801,4,"[[1,3,2,4],[1,3,4,2],[3,1,2,4],[3,1,4,2]]"
True,True,True,3,True,True,True,True,True,n4_o115_r2802,2,"[[1,4,2,3],[1,4,3,2]]"
True,True,True,2,True,True,True,True,True,n4_o115_r2803,2,"[[1,2,3,4],[2,1,3,4]]"
True,True,True,2,True,True,True,True,True,n4_o115_r2804,2,"[[1,2,4,3],[2,1,4,3]]"
True,True,True,2,True,True,True,True,True,n4_o115_r2805,2,"[[1,3,2,4],[3,1,2,4]]"
True,True,True,2,True,True,True,True,True,n4_o115_r2806,1,"[[4,1,2,3]]"
True,True,True,3,True,True,True,True,True,n4_o115_r2807,4,"[[1,3,2,4],[1,3,4,2],[3,1,2,4],[3,1,4,2]]"
True,True,True,3,True,True,True,True,True,n4_o115_r2808,2,"[[4,1,2,3],[4,1,3,2]]"
True,True,True,2,True,True,True,True,True,n4_o115_r2809,1,"[[2,3,1,4]]"
True,True,True,3,True,True,True,True,True,n4_o115_r2810,1,"[[2,4,1,3]]"
True,True,True,2,True,True,True,True,True,n4_o115_r2811,1,"[[3,2,1,4]]"
True,True,True,3,True,True,True,True,True,n4_o115_r2812,1,"[[4,2,1,3]]"
True,True,True,5,True,True,True,True,True,n4_o115_r2813,6,"[[1,3,2,4],[1,3,4,2],[3,1,2,4],[3,1,4,2],[3,2,1,4],[3,4,1,2]]"
True,True,True,5,True,True,True,True,True,n4_o115_r2814,4,"[[4,1,2,3],[4,1,3,2],[4,2,1,3],[4,3,1,2]]"
True,True,True,3,True,True,True,True,True,n4_o115_r2815,1,"[[2,3,1,4]]"
True,True,True,4,True,True,True,True,True,n4_o115_r2816,1,"[[2,4,1,3]]"
True,True,True,3,True,True,True,True,True,n4_o115_r2817,1,"[[3,2,1,4]]"
True,True,True,4,True,True,True,True,True,n4_o115_r2818,1,"[[4,2,1,3]]"
True,True,True,5,True,True,True,True,True,n4_o115_r2819,4,"[[1,3,2,4],[3,1,2,4],[3,2,1,4],[3,4,1,2]]"
True,True,True,5,True,,,,,n4_o115_r2820,3,"[[4,1,2,3],[4,2,1,3],[4,3,1,2]]"
True,True,True,1,True,True,True,True,True,n4_o116_r2821,2,"[[1,2,3,4],[2,1,3,4]]"
True,True,True,1,True,True,True,True,True,n4_o116_r2822,2,"[[1,2,4,3],[2,1,4,3]]"
True,True,True,1,True,True,True,True,True,n4_o116_r2823,2,"[[1,3,2,4],[3,1,2,4]]"
True,True,True,1,True,True,True,True,True,n4_o116_r2824,1,"[[1,4,2,3]]"
True,True,True,2,True,True,True,True,True,n4_o116_r2825,2,"[[1,3,4,2],[3,1,4,2]]"
True,True,True,2,True,True,True,True,True,n4_o116_r2826,1,"[[1,4,3,2]]"
True,True,True,1,True,True,True,True,True,n4_o116_r2827,2,"[[1,2,3,4],[2,1,3,4]]"
True,True,True,1,True,True,True,True,True,n4_o116_r2828,2,"[[1,2,4,3],[2,1,4,3]]"
True,True,True,1,True,True,True,True,True,n4_o116_r2829,2,"[[1,3,2,4],[3,1,2,4]]"
True,True,True,1,True,True,True,True,True,n4_o116_r2830,1,"[[4,1,2,3]]"
True,True,True,2,True,True,True,True,True,n4_o116_r2831,2,"[[1,3,4,2],[3,1,4,2]]"
True,True,True,2,True,True,True,True,True,n4_o116_r2832,1,"[[4,1,3,2]]"
True,True,True,1,True,True,True,True,True,n4_o116_r2833,1,"[[2,3,1,4]]"
True,True,True,2,True,True,True,True,True,n4_o116_r2834,1,"[[2,4,1,3]]"
True,True,True,1,True,True,True,True,True,n4_o116_r2835,1,"[[3,2,1,4]]"
True,True,True,2,True,True,True,True,True,n4_o116_r2836,1,"[[4,2,1,3]]"
True,True,True,4,True,True,True,True,True,n4_o116_r2837,3,"[[1,3,4,2],[3,1,4,2],[3,4,1,2]]"
True,True,True,4,True,True,True,True,True,n4_o116_r2838,2,"[[4,1,3,2],[4,3,1,2]]"
True,True,True,3,True,True,True,True,True,n4_o116_r2839,2,"[[2,3,1,4],[2,3,4,1]]"
True,True,True,4,True,True,True,True,True,n4_o116_r2840,2,"[[2,4,1,3],[2,4,3,1]]"
True,True,True,3,True,True,True,True,True,n4_o116_r2841,2,"[[3,2,1,4],[3,2,4,1]]"
True,True,True,4,True,True,True,True,True,n4_o116_r2842,2,"[[4,2,1,3],[4,2,3,1]]"
True,True,True,5,True,True,True,True,True,n4_o116_r2843,6,"[[1,3,2,4],[3,1,2,4],[3,2,1,4],[3,2,4,1],[3,4,1,2],[3,4,2,1]]"
True,True,True,5,True,True,True,,,n4_o116_r2844,5,"[[4,1,2,3],[4,2,1,3],[4,2,3,1],[4,3,1,2],[4,3,2,1]]"
True,True,True,1,True,True,True,True,True,n4_o117_r2845,2,"[[1,2,3,4],[2,1,3,4]]"
True,True,True,1,True,True,True,True,True,n4_o117_r2846,2,"[[1,2,4,3],[2,1,4,3]]"
True,True,True,1,True,True,True,True,True,n4_o117_r2847,2,"[[1,3,2,4],[3,1,2,4]]"
True,True,True,1,True,True,True,True,True,n4_o117_r2848,1,"[[1,4,2,3]]"
True,True,True,1,True,True,True,True,True,n4_o117_r2849,2,"[[1,3,4,2],[3,1,4,2]]"
True,True,True,1,True,True,True,True,True,n4_o117_r2850,1,"[[1,4,3,2]]"
True,True,True,1,True,True,True,True,True,n4_o117_r2851,2,"[[1,2,3,4],[2,1,3,4]]"
True,True,True,1,True,True,True,True,True,n4_o117_r2852,2,"[[1,2,4,3],[2,1,4,3]]"
True,True,True,1,True,True,True,True,True,n4_o117_r2853,2,"[[1,3,2,4],[3,1,2,4]]"
True,True,True,1,True,True,True,True,True,n4_o117_r2854,1,"[[4,1,2,3]]"
True,True,True,1,True,True,True,True,True,n4_o117_r2855,2,"[[1,3,4,2],[3,1,4,2]]"
True,True,True,1,True,True,True,True,True,n4_o117_r2856,1,"[[4,1,3,2]]"
True,True,True,1,True,True,True,True,True,n4_o117_r2857,1,"[[2,3,1,4]]"
True,True,True,2,True,True,True,True,True,n4_o117_r2858,1,"[[2,4,1,3]]"
True,True,True,1,True,True,True,True,True,n4_o117_r2859,1,"[[3,2,1,4]]"
True,True,True,2,True,True,True,True,True,n4_o117_r2860,1,"[[4,2,1,3]]"
True,True,True,3,True,True,True,True,True,n4_o117_r2861,1,"[[3,4,1,2]]"
True,True,True,3,True,True,True,True,True,n4_o117_r2862,1,"[[4,3,1,2]]"
True,True,True,2,True,True,True,True,True,n4_o117_r2863,2,"[[2,3,1,4],[2,3,4,1]]"
True,True,True,3,True,True,True,True,True,n4_o117_r2864,2,"[[2,4,1,3],[2,4,3,1]]"
True,True,True,2,True,True,True,True,True,n4_o117_r2865,2,"[[3,2,1,4],[3,2,4,1]]"
True,True,True,3,True,True,True,True,True,n4_o117_r2866,2,"[[4,2,1,3],[4,2,3,1]]"
True,True,True,4,True,True,True,True,True,n4_o117_r2867,2,"[[3,4,1,2],[3,4,2,1]]"
True,True,True,4,True,True,True,True,True,n4_o117_r2868,2,"[[4,3,1,2],[4,3,2,1]]"
True,True,True,2,True,True,True,True,True,n4_o118_r2869,4,"[[1,2,3,4],[1,3,2,4],[2,1,3,4],[3,1,2,4]]"
True,True,True,2,True,True,True,True,True,n4_o118_r2870,2,"[[1,2,4,3],[2,1,4,3]]"
True,True,True,2,True,True,True,True,True,n4_o118_r2871,4,"[[1,2,3,4],[1,3,2,4],[2,1,3,4],[3,1,2,4]]"
True,True,True,2,True,True,True,True,True,n4_o118_r2872,1,"[[1,4,2,3]]"
True,True,True,3,True,True,True,True,True,n4_o118_r2873,6,"[[1,2,3,4],[1,3,2,4],[1,3,4,2],[2,1,3,4],[3,1,2,4],[3,1,4,2]]"
True,True,True,3,True,True,True,True,True,n4_o118_r2874,2,"[[1,4,2,3],[1,4,3,2]]"
True,True,True,2,True,True,True,True,True,n4_o118_r2875,3,"[[1,2,3,4],[2,1,3,4],[2,3,1,4]]"
True,True,True,2,True,True,True,True,True,n4_o118_r2876,2,"[[1,2,4,3],[2,1,4,3]]"
True,True,True,2,True,True,True,True,True,n4_o118_r2877,3,"[[1,3,2,4],[3,1,2,4],[3,2,1,4]]"
True,True,True,2,True,True,True,True,True,n4_o118_r2878,1,"[[4,1,2,3]]"
True,True,True,3,True,True,True,True,True,n4_o118_r2879,5,"[[1,3,2,4],[1,3,4,2],[3,1,2,4],[3,1,4,2],[3,2,1,4]]"
True,True,True,3,True,True,True,True,True,n4_o118_r2880,2,"[[4,1,2,3],[4,1,3,2]]"
True,True,True,2,True,True,True,True,True,n4_o118_r2881,3,"[[1,2,3,4],[2,1,3,4],[2,3,1,4]]"
True,True,True,2,True,True,True,True,True,n4_o118_r2882,1,"[[2,4,1,3]]"
True,True,True,2,True,True,True,True,True,n4_o118_r2883,3,"[[1,3,2,4],[3,1,2,4],[3,2,1,4]]"
True,True,True,2,True,True,True,True,True,n4_o118_r2884,1,"[[4,2,1,3]]"
True,True,True,4,True,True,True,True,True,n4_o118_r2885,6,"[[1,3,2,4],[1,3,4,2],[3,1,2,4],[3,1,4,2],[3,2,1,4],[3,4,1,2]]"
True,True,True,4,True,True,True,True,True,n4_o118_r2886,4,"[[4,1,2,3],[4,1,3,2],[4,2,1,3],[4,3,1,2]]"
True,True,True,3,True,True,True,True,True,n4_o118_r2887,3,"[[1,2,3,4],[2,1,3,4],[2,3,1,4]]"
True,True,True,3,True,True,True,True,True,n4_o118_r2888,1,"[[2,4,1,3]]"
True,True,True,3,True,True,True,True,True,n4_o118_r2889,3,"[[1,3,2,4],[3,1,2,4],[3,2,1,4]]"
True,True,True,3,True,True,True,True,True,n4_o118_r2890,1,"[[4,2,1,3]]"
True,True,True,4,True,True,True,True,True,n4_o118_r2891,4,"[[1,3,2,4],[3,1,2,4],[3,2,1,4],[3,4,1,2]]"
True,True,True,4,True,,,,,n4_o118_r2892,3,"[[4,1,2,3],[4,2,1,3],[4,3,1,2]]"
True,True,True,1,True,True,True,True,True,n4_o119_r2893,4,"[[1,2,3,4],[1,3,2,4],[2,1,3,4],[3,1,2,4]]"
True,True,True,1,True,True,True,True,True,n4_o119_r2894,2,"[[1,2,4,3],[2,1,4,3]]"
True,True,True,1,True,True,True,True,True,n4_o119_r2895,4,"[[1,2,3,4],[1,3,2,4],[2,1,3,4],[3,1,2,4]]"
True,True,True,1,True,True,True,True,True,n4_o119_r2896,1,"[[1,4,2,3]]"
True,True,True,2,True,True,True,True,True,n4_o119_r2897,2,"[[1,3,4,2],[3,1,4,2]]"
True,True,True,2,True,True,True,True,True,n4_o119_r2898,1,"[[1,4,3,2]]"
True,True,True,1,True,True,True,True,True,n4_o119_r2899,3,"[[1,2,3,4],[2,1,3,4],[2,3,1,4]]"
True,True,True,1,True,True,True,True,True,n4_o119_r2900,2,"[[1,2,4,3],[2,1,4,3]]"
True,True,True,1,True,True,True,True,True,n4_o119_r2901,3,"[[1,3,2,4],[3,1,2,4],[3,2,1,4]]"
True,True,True,1,True,True,True,True,True,n4_o119_r2902,1,"[[4,1,2,3]]"
True,True,True,2,True,True,True,True,True,n4_o119_r2903,2,"[[1,3,4,2],[3,1,4,2]]"
True,True,True,2,True,True,True,True,True,n4_o119_r2904,1,"[[4,1,3,2]]"
True,True,True,1,True,True,True,True,True,n4_o119_r2905,3,"[[1,2,3,4],[2,1,3,4],[2,3,1,4]]"
True,True,True,1,True,True,True,True,True,n4_o119_r2906,1,"[[2,4,1,3]]"
True,True,True,1,True,True,True,True,True,n4_o119_r2907,3,"[[1,3,2,4],[3,1,2,4],[3,2,1,4]]"
True,True,True,1,True,True,True,True,True,n4_o119_r2908,1,"[[4,2,1,3]]"
True,True,True,3,True,True,True,True,True,n4_o119_r2909,3,"[[1,3,4,2],[3,1,4,2],[3,4,1,2]]"
True,True,True,3,True,True,True,True,True,n4_o119_r2910,2,"[[4,1,3,2],[4,3,1,2]]"
True,True,True,3,True,True,True,True,True,n4_o119_r2911,4,"[[1,2,3,4],[2,1,3,4],[2,3,1,4],[2,3,4,1]]"
True,True,True,3,True,True,True,True,True,n4_o119_r2912,2,"[[2,4,1,3],[2,4,3,1]]"
True,True,True,3,True,True,True,True,True,n4_o119_r2913,4,"[[1,3,2,4],[3,1,2,4],[3,2,1,4],[3,2,4,1]]"
True,True,True,3,True,True,True,True,True,n4_o119_r2914,2,"[[4,2,1,3],[4,2,3,1]]"
True,True,True,4,True,True,True,True,True,n4_o119_r2915,6,"[[1,3,2,4],[3,1,2,4],[3,2,1,4],[3,2,4,1],[3,4,1,2],[3,4,2,1]]"
True,True,True,4,True,True,True,True,True,n4_o119_r2916,5,"[[4,1,2,3],[4,2,1,3],[4,2,3,1],[4,3,1,2],[4,3,2,1]]"
True,True,True,1,True,True,True,True,True,n4_o120_r2917,4,"[[1,2,3,4],[1,3,2,4],[2,1,3,4],[3,1,2,4]]"
True,True,True,1,True,True,True,True,True,n4_o120_r2918,2,"[[1,2,4,3],[2,1,4,3]]"
True,True,True,1,True,True,True,True,True,n4_o120_r2919,4,"[[1,2,3,4],[1,3,2,4],[2,1,3,4],[3,1,2,4]]"
True,True,True,1,True,True,True,True,True,n4_o120_r2920,1,"[[1,4,2,3]]"
True,True,True,1,True,True,True,True,True,n4_o120_r2921,2,"[[1,3,4,2],[3,1,4,2]]"
True,True,True,1,True,True,True,True,True,n4_o120_r2922,1,"[[1,4,3,2]]"
True,True,True,1,True,True,True,True,True,n4_o120_r2923,3,"[[1,2,3,4],[2,1,3,4],[2,3,1,4]]"
True,True,True,1,True,True,True,True,True,n4_o120_r2924,2,"[[1,2,4,3],[2,1,4,3]]"
True,True,True,1,True,True,True,True,True,n4_o120_r2925,3,"[[1,3,2,4],[3,1,2,4],[3,2,1,4]]"
True,True,True,1,True,True,True,True,True,n4_o120_r2926,1,"[[4,1,2,3]]"
True,True,True,1,True,True,True,True,True,n4_o120_r2927,2,"[[1,3,4,2],[3,1,4,2]]"
True,True,True,1,True,True,True,True,True,n4_o120_r2928,1,"[[4,1,3,2]]"
True,True,True,1,True,True,True,True,True,n4_o120_r2929,3,"[[1,2,3,4],[2,1,3,4],[2,3,1,4]]"
True,True,True,1,True,True,True,True,True,n4_o120_r2930,1,"[[2,4,1,3]]"
True,True,True,1,True,True,True,True,True,n4_o120_r2931,3,"[[1,3,2,4],[3,1,2,4],[3,2,1,4]]"
True,True,True,1,True,True,True,True,True,n4_o120_r2932,1,"[[4,2,1,3]]"
True,True,True,2,True,True,True,True,True,n4_o120_r2933,1,"[[3,4,1,2]]"
True,True,True,2,True,True,True,True,True,n4_o120_r2934,1,"[[4,3,1,2]]"
True,True,True,2,True,True,True,True,True,n4_o120_r2935,4,"[[1,2,3,4],[2,1,3,4],[2,3,1,4],[2,3,4,1]]"
True,True,True,2,True,True,True,True,True,n4_o120_r2936,2,"[[2,4,1,3],[2,4,3,1]]"
True,True,True,2,True,True,True,True,True,n4_o120_r2937,4,"[[1,3,2,4],[3,1,2,4],[3,2,1,4],[3,2,4,1]]"
True,True,True,2,True,True,True,True,True,n4_o120_r2938,2,"[[4,2,1,3],[4,2,3,1]]"
True,True,True,3,True,True,True,True,True,n4_o120_r2939,2,"[[3,4,1,2],[3,4,2,1]]"
True,True,True,3,True,True,True,True,True,n4_o120_r2940,2,"[[4,3,1,2],[4,3,2,1]]"
True,True,True,1,True,True,True,True,True,n4_o121_r2941,4,"[[1,2,3,4],[1,3,2,4],[2,1,3,4],[3,1,2,4]]"
True,True,True,1,True,True,True,True,True,n4_o121_r2942,3,"[[1,2,4,3],[1,4,2,3],[2,1,4,3]]"
True,True,True,1,True,True,True,True,True,n4_o121_r2943,4,"[[1,2,3,4],[1,3,2,4],[2,1,3,4],[3,1,2,4]]"
True,True,True,1,True,True,True,True,True,n4_o121_r2944,3,"[[1,2,4,3],[1,4,2,3],[2,1,4,3]]"
True,True,True,1,True,True,True,True,True,n4_o121_r2945,2,"[[1,3,4,2],[3,1,4,2]]"
True,True,True,1,True,True,True,True,True,n4_o121_r2946,1,"[[1,4,3,2]]"
True,True,True,1,True,True,True,True,True,n4_o121_r2947,3,"[[1,2,3,4],[2,1,3,4],[2,3,1,4]]"
True,True,True,1,True,True,True,True,True,n4_o121_r2948,3,"[[1,2,4,3],[2,1,4,3],[2,4,1,3]]"
True,True,True,1,True,True,True,True,True,n4_o121_r2949,3,"[[1,3,2,4],[3,1,2,4],[3,2,1,4]]"
True,True,True,1,True,True,True,True,True,n4_o121_r2950,2,"[[4,1,2,3],[4,2,1,3]]"
True,True,True,1,True,True,True,True,True,n4_o121_r2951,2,"[[1,3,4,2],[3,1,4,2]]"
True,True,True,1,True,True,True,True,True,n4_o121_r2952,1,"[[4,1,3,2]]"
True,True,True,1,True,True,True,True,True,n4_o121_r2953,3,"[[1,2,3,4],[2,1,3,4],[2,3,1,4]]"
True,True,True,1,True,True,True,True,True,n4_o121_r2954,3,"[[1,2,4,3],[2,1,4,3],[2,4,1,3]]"
True,True,True,1,True,True,True,True,True,n4_o121_r2955,3,"[[1,3,2,4],[3,1,2,4],[3,2,1,4]]"
True,True,True,1,True,True,True,True,True,n4_o121_r2956,2,"[[4,1,2,3],[4,2,1,3]]"
True,True,True,1,True,True,True,True,True,n4_o121_r2957,1,"[[3,4,1,2]]"
True,True,True,1,True,True,True,True,True,n4_o121_r2958,1,"[[4,3,1,2]]"
True,True,True,2,True,True,True,True,True,n4_o121_r2959,4,"[[1,2,3,4],[2,1,3,4],[2,3,1,4],[2,3,4,1]]"
True,True,True,2,True,True,True,True,True,n4_o121_r2960,4,"[[1,2,4,3],[2,1,4,3],[2,4,1,3],[2,4,3,1]]"
True,True,True,2,True,True,True,True,True,n4_o121_r2961,4,"[[1,3,2,4],[3,1,2,4],[3,2,1,4],[3,2,4,1]]"
True,True,True,2,True,True,True,True,True,n4_o121_r2962,3,"[[4,1,2,3],[4,2,1,3],[4,2,3,1]]"
True,True,True,2,True,True,True,True,True,n4_o121_r2963,2,"[[3,4,1,2],[3,4,2,1]]"
True,True,True,2,True,True,True,True,True,n4_o121_r2964,2,"[[4,3,1,2],[4,3,2,1]]"
True,True,True,2,True,True,True,True,True,n4_o122_r2965,4,"[[1,2,3,4],[1,3,2,4],[2,1,3,4],[3,1,2,4]]"
True,True,True,2,True,True,True,True,True,n4_o122_r2966,2,"[[1,2,4,3],[2,1,4,3]]"
True,True,True,2,True,True,True,True,True,n4_o122_r2967,4,"[[1,2,3,4],[1,3,2,4],[2,1,3,4],[3,1,2,4]]"
True,True,True,2,True,True,True,True,True,n4_o122_r2968,2,"[[1,4,2,3],[4,1,2,3]]"
True,True,True,3,True,True,True,True,True,n4_o122_r2969,6,"[[1,2,3,4],[1,3,2,4],[1,3,4,2],[2,1,3,4],[3,1,2,4],[3,1,4,2]]"
True,True,True,3,True,True,True,True,True,n4_o122_r2970,4,"[[1,4,2,3],[1,4,3,2],[4,1,2,3],[4,1,3,2]]"
True,True,True,2,True,True,True,True,True,n4_o122_r2971,4,"[[1,2,3,4],[2,1,3,4],[2,3,1,4],[3,2,1,4]]"
True,True,True,2,True,True,True,True,True,n4_o122_r2972,2,"[[1,2,4,3],[2,1,4,3]]"
True,True,True,2,True,True,True,True,True,n4_o122_r2973,4,"[[1,3,2,4],[2,3,1,4],[3,1,2,4],[3,2,1,4]]"
True,True,True,2,True,True,True,True,True,n4_o122_r2974,2,"[[1,4,2,3],[4,1,2,3]]"
True,True,True,3,True,True,True,True,True,n4_o122_r2975,6,"[[1,3,2,4],[1,3,4,2],[2,3,1,4],[3,1,2,4],[3,1,4,2],[3,2,1,4]]"
True,True,True,3,True,True,True,True,True,n4_o122_r2976,4,"[[1,4,2,3],[1,4,3,2],[4,1,2,3],[4,1,3,2]]"
True,True,True,2,True,True,True,True,True,n4_o122_r2977,4,"[[1,2,3,4],[2,1,3,4],[2,3,1,4],[3,2,1,4]]"
True,True,True,2,True,True,True,True,True,n4_o122_r2978,1,"[[2,4,1,3]]"
True,True,True,2,True,True,True,True,True,n4_o122_r2979,4,"[[1,3,2,4],[2,3,1,4],[3,1,2,4],[3,2,1,4]]"
True,True,True,2,True,True,True,True,True,n4_o122_r2980,1,"[[4,2,1,3]]"
True,True,True,4,True,True,True,True,True,n4_o122_r2981,7,"[[1,3,2,4],[1,3,4,2],[2,3,1,4],[3,1,2,4],[3,1,4,2],[3,2,1,4],[3,4,1,2]]"
True,True,True,4,True,True,True,True,True,n4_o122_r2982,6,"[[1,4,2,3],[1,4,3,2],[4,1,2,3],[4,1,3,2],[4,2,1,3],[4,3,1,2]]"
True,True,True,3,True,True,True,True,True,n4_o122_r2983,4,"[[1,2,3,4],[2,1,3,4],[2,3,1,4],[3,2,1,4]]"
True,True,True,3,True,True,True,True,True,n4_o122_r2984,1,"[[2,4,1,3]]"
True,True,True,3,True,True,True,True,True,n4_o122_r2985,4,"[[1,3,2,4],[2,3,1,4],[3,1,2,4],[3,2,1,4]]"
True,True,True,3,True,True,True,True,True,n4_o122_r2986,1,"[[4,2,1,3]]"
True,True,True,4,True,True,True,True,True,n4_o122_r2987,5,"[[1,3,2,4],[2,3,1,4],[3,1,2,4],[3,2,1,4],[3,4,1,2]]"
True,True,True,4,True,,,,,n4_o122_r2988,4,"[[1,4,2,3],[4,1,2,3],[4,2,1,3],[4,3,1,2]]"
True,True,True,1,True,True,True,True,True,n4_o123_r2989,4,"[[1,2,3,4],[1,3,2,4],[2,1,3,4],[3,1,2,4]]"
True,True,True,1,True,True,True,True,True,n4_o123_r2990,2,"[[1,2,4,3],[2,1,4,3]]"
True,True,True,1,True,True,True,True,True,n4_o123_r2991,4,"[[1,2,3,4],[1,3,2,4],[2,1,3,4],[3,1,2,4]]"
True,True,True,1,True,True,True,True,True,n4_o123_r2992,2,"[[1,4,2,3],[4,1,2,3]]"
True,True,True,2,True,True,True,True,True,n4_o123_r2993,2,"[[1,3,4,2],[3,1,4,2]]"
True,True,True,2,True,True,True,True,True,n4_o123_r2994,2,"[[1,4,3,2],[4,1,3,2]]"
True,True,True,1,True,True,True,True,True,n4_o123_r2995,4,"[[1,2,3,4],[2,1,3,4],[2,3,1,4],[3,2,1,4]]"
True,True,True,1,True,True,True,True,True,n4_o123_r2996,2,"[[1,2,4,3],[2,1,4,3]]"
True,True,True,1,True,True,True,True,True,n4_o123_r2997,4,"[[1,3,2,4],[2,3,1,4],[3,1,2,4],[3,2,1,4]]"
True,True,True,1,True,True,True,True,True,n4_o123_r2998,2,"[[1,4,2,3],[4,1,2,3]]"
True,True,True,2,True,True,True,True,True,n4_o123_r2999,2,"[[1,3,4,2],[3,1,4,2]]"
True,True,True,2,True,True,True,True,True,n4_o123_r3000,2,"[[1,4,3,2],[4,1,3,2]]"
True,True,True,1,True,True,True,True,True,n4_o123_r3001,4,"[[1,2,3,4],[2,1,3,4],[2,3,1,4],[3,2,1,4]]"
True,True,True,1,True,True,True,True,True,n4_o123_r3002,1,"[[2,4,1,3]]"
True,True,True,1,True,True,True,True,True,n4_o123_r3003,4,"[[1,3,2,4],[2,3,1,4],[3,1,2,4],[3,2,1,4]]"
True,True,True,1,True,True,True,True,True,n4_o123_r3004,1,"[[4,2,1,3]]"
True,True,True,3,True,True,True,True,True,n4_o123_r3005,3,"[[1,3,4,2],[3,1,4,2],[3,4,1,2]]"
True,True,True,3,True,True,True,True,True,n4_o123_r3006,3,"[[1,4,3,2],[4,1,3,2],[4,3,1,2]]"
True,True,True,3,True,True,True,True,True,n4_o123_r3007,6,"[[1,2,3,4],[2,1,3,4],[2,3,1,4],[2,3,4,1],[3,2,1,4],[3,2,4,1]]"
True,True,True,3,True,True,True,True,True,n4_o123_r3008,2,"[[2,4,1,3],[2,4,3,1]]"
True,True,True,3,True,True,True,True,True,n4_o123_r3009,6,"[[1,3,2,4],[2,3,1,4],[2,3,4,1],[3,1,2,4],[3,2,1,4],[3,2,4,1]]"
True,True,True,3,True,True,True,True,True,n4_o123_r3010,2,"[[4,2,1,3],[4,2,3,1]]"
True,True,True,4,True,True,True,True,True,n4_o123_r3011,8,"[[1,3,2,4],[2,3,1,4],[2,3,4,1],[3,1,2,4],[3,2,1,4],[3,2,4,1],[3,4,1,2],[3,4,2,1]]"
True,True,True,4,True,True,True,True,True,n4_o123_r3012,6,"[[1,4,2,3],[4,1,2,3],[4,2,1,3],[4,2,3,1],[4,3,1,2],[4,3,2,1]]"
True,True,True,1,True,True,True,True,True,n4_o124_r3013,4,"[[1,2,3,4],[1,3,2,4],[2,1,3,4],[3,1,2,4]]"
True,True,True,1,True,True,True,True,True,n4_o124_r3014,2,"[[1,2,4,3],[2,1,4,3]]"
True,True,True,1,True,True,True,True,True,n4_o124_r3015,4,"[[1,2,3,4],[1,3,2,4],[2,1,3,4],[3,1,2,4]]"
True,True,True,1,True,True,True,True,True,n4_o124_r3016,2,"[[1,4,2,3],[4,1,2,3]]"
True,True,True,1,True,True,True,True,True,n4_o124_r3017,2,"[[1,3,4,2],[3,1,4,2]]"
True,True,True,1,True,True,True,True,True,n4_o124_r3018,2,"[[1,4,3,2],[4,1,3,2]]"
True,True,True,1,True,True,True,True,True,n4_o124_r3019,4,"[[1,2,3,4],[2,1,3,4],[2,3,1,4],[3,2,1,4]]"
True,True,True,1,True,True,True,True,True,n4_o124_r3020,2,"[[1,2,4,3],[2,1,4,3]]"
True,True,True,1,True,True,True,True,True,n4_o124_r3021,4,"[[1,3,2,4],[2,3,1,4],[3,1,2,4],[3,2,1,4]]"
True,True,True,1,True,True,True,True,True,n4_o124_r3022,2,"[[1,4,2,3],[4,1,2,3]]"
True,True,True,1,True,True,True,True,True,n4_o124_r3023,2,"[[1,3,4,2],[3,1,4,2]]"
True,True,True,1,True,True,True,True,True,n4_o124_r3024,2,"[[1,4,3,2],[4,1,3,2]]"
True,True,True,1,True,True,True,True,True,n4_o124_r3025,4,"[[1,2,3,4],[2,1,3,4],[2,3,1,4],[3,2,1,4]]"
True,True,True,1,True,True,True,True,True,n4_o124_r3026,1,"[[2,4,1,3]]"
True,True,True,1,True,True,True,True,True,n4_o124_r3027,4,"[[1,3,2,4],[2,3,1,4],[3,1,2,4],[3,2,1,4]]"
True,True,True,1,True,True,True,True,True,n4_o124_r3028,1,"[[4,2,1,3]]"
True,True,True,2,True,True,True,True,True,n4_o124_r3029,1,"[[3,4,1,2]]"
True,True,True,2,True,True,True,True,True,n4_o124_r3030,1,"[[4,3,1,2]]"
True,True,True,2,True,True,True,True,True,n4_o124_r3031,6,"[[1,2,3,4],[2,1,3,4],[2,3,1,4],[2,3,4,1],[3,2,1,4],[3,2,4,1]]"
True,True,True,2,True,True,True,True,True,n4_o124_r3032,2,"[[2,4,1,3],[2,4,3,1]]"
True,True,True,2,True,True,True,True,True,n4_o124_r3033,6,"[[1,3,2,4],[2,3,1,4],[2,3,4,1],[3,1,2,4],[3,2,1,4],[3,2,4,1]]"
True,True,True,2,True,True,True,True,True,n4_o124_r3034,2,"[[4,2,1,3],[4,2,3,1]]"
True,True,True,3,True,True,True,True,True,n4_o124_r3035,2,"[[3,4,1,2],[3,4,2,1]]"
True,True,True,3,True,True,True,True,True,n4_o124_r3036,2,"[[4,3,1,2],[4,3,2,1]]"
True,True,True,1,True,True,True,True,True,n4_o125_r3037,4,"[[1,2,3,4],[1,3,2,4],[2,1,3,4],[3,1,2,4]]"
True,True,True,1,True,True,True,True,True,n4_o125_r3038,4,"[[1,2,4,3],[1,4,2,3],[2,1,4,3],[4,1,2,3]]"
True,True,True,1,True,True,True,True,True,n4_o125_r3039,4,"[[1,2,3,4],[1,3,2,4],[2,1,3,4],[3,1,2,4]]"
True,True,True,1,True,True,True,True,True,n4_o125_r3040,4,"[[1,2,4,3],[1,4,2,3],[2,1,4,3],[4,1,2,3]]"
True,True,True,1,True,True,True,True,True,n4_o125_r3041,2,"[[1,3,4,2],[3,1,4,2]]"
True,True,True,1,True,True,True,True,True,n4_o125_r3042,2,"[[1,4,3,2],[4,1,3,2]]"
True,True,True,1,True,True,True,True,True,n4_o125_r3043,4,"[[1,2,3,4],[2,1,3,4],[2,3,1,4],[3,2,1,4]]"
True,True,True,1,True,True,True,True,True,n4_o125_r3044,3,"[[1,2,4,3],[2,1,4,3],[2,4,1,3]]"
True,True,True,1,True,True,True,True,True,n4_o125_r3045,4,"[[1,3,2,4],[2,3,1,4],[3,1,2,4],[3,2,1,4]]"
True,True,True,1,True,True,True,True,True,n4_o125_r3046,3,"[[1,4,2,3],[4,1,2,3],[4,2,1,3]]"
True,True,True,1,True,True,True,True,True,n4_o125_r3047,2,"[[1,3,4,2],[3,1,4,2]]"
True,True,True,1,True,True,True,True,True,n4_o125_r3048,2,"[[1,4,3,2],[4,1,3,2]]"
True,True,True,1,True,True,True,True,True,n4_o125_r3049,4,"[[1,2,3,4],[2,1,3,4],[2,3,1,4],[3,2,1,4]]"
True,True,True,1,True,True,True,True,True,n4_o125_r3050,3,"[[1,2,4,3],[2,1,4,3],[2,4,1,3]]"
True,True,True,1,True,True,True,True,True,n4_o125_r3051,4,"[[1,3,2,4],[2,3,1,4],[3,1,2,4],[3,2,1,4]]"
True,True,True,1,True,True,True,True,True,n4_o125_r3052,3,"[[1,4,2,3],[4,1,2,3],[4,2,1,3]]"
True,True,True,1,True,True,True,True,True,n4_o125_r3053,1,"[[3,4,1,2]]"
True,True,True,1,True,True,True,True,True,n4_o125_r3054,1,"[[4,3,1,2]]"
True,True,True,2,True,True,True,True,True,n4_o125_r3055,6,"[[1,2,3,4],[2,1,3,4],[2,3,1,4],[2,3,4,1],[3,2,1,4],[3,2,4,1]]"
True,True,True,2,True,True,True,True,True,n4_o125_r3056,4,"[[1,2,4,3],[2,1,4,3],[2,4,1,3],[2,4,3,1]]"
True,True,True,2,True,True,True,True,True,n4_o125_r3057,6,"[[1,3,2,4],[2,3,1,4],[2,3,4,1],[3,1,2,4],[3,2,1,4],[3,2,4,1]]"
True,True,True,2,True,True,True,True,True,n4_o125_r3058,4,"[[1,4,2,3],[4,1,2,3],[4,2,1,3],[4,2,3,1]]"
True,True,True,2,True,True,True,True,True,n4_o125_r3059,2,"[[3,4,1,2],[3,4,2,1]]"
True,True,True,2,True,True,True,True,True,n4_o125_r3060,2,"[[4,3,1,2],[4,3,2,1]]"
True,True,True,1,True,True,True,True,True,n4_o126_r3061,6,"[[1,2,3,4],[1,3,2,4],[2,1,3,4],[2,3,1,4],[3,1,2,4],[3,2,1,4]]"
True,True,True,1,True,True,True,True,True,n4_o126_r3062,4,"[[1,2,4,3],[1,4,2,3],[2,1,4,3],[4,1,2,3]]"
True,True,True,1,True,True,True,True,True,n4_o126_r3063,6,"[[1,2,3,4],[1,3,2,4],[2,1,3,4],[2,3,1,4],[3,1,2,4],[3,2,1,4]]"
True,True,True,1,True,True,True,True,True,n4_o126_r3064,4,"[[1,2,4,3],[1,4,2,3],[2,1,4,3],[4,1,2,3]]"
True,True,True,1,True,True,True,True,True,n4_o126_r3065,2,"[[1,3,4,2],[3,1,4,2]]"
True,True,True,1,True,True,True,True,True,n4_o126_r3066,2,"[[1,4,3,2],[4,1,3,2]]"
True,True,True,1,True,True,True,True,True,n4_o126_r3067,6,"[[1,2,3,4],[1,3,2,4],[2,1,3,4],[2,3,1,4],[3,1,2,4],[3,2,1,4]]"
True,True,True,1,True,True,True,True,True,n4_o126_r3068,4,"[[1,2,4,3],[2,1,4,3],[2,4,1,3],[4,2,1,3]]"
True,True,True,1,True,True,True,True,True,n4_o126_r3069,6,"[[1,2,3,4],[1,3,2,4],[2,1,3,4],[2,3,1,4],[3,1,2,4],[3,2,1,4]]"
True,True,True,1,True,True,True,True,True,n4_o126_r3070,4,"[[1,4,2,3],[2,4,1,3],[4,1,2,3],[4,2,1,3]]"
True,True,True,1,True,True,True,True,True,n4_o126_r3071,2,"[[1,3,4,2],[3,1,4,2]]"
True,True,True,1,True,True,True,True,True,n4_o126_r3072,2,"[[1,4,3,2],[4,1,3,2]]"
True,True,True,1,True,True,True,True,True,n4_o126_r3073,6,"[[1,2,3,4],[1,3,2,4],[2,1,3,4],[2,3,1,4],[3,1,2,4],[3,2,1,4]]"
True,True,True,1,True,True,True,True,True,n4_o126_r3074,4,"[[1,2,4,3],[2,1,4,3],[2,4,1,3],[4,2,1,3]]"
True,True,True,1,True,True,True,True,True,n4_o126_r3075,6,"[[1,2,3,4],[1,3,2,4],[2,1,3,4],[2,3,1,4],[3,1,2,4],[3,2,1,4]]"
True,True,True,1,True,True,True,True,True,n4_o126_r3076,4,"[[1,4,2,3],[2,4,1,3],[4,1,2,3],[4,2,1,3]]"
True,True,True,1,True,True,True,True,True,n4_o126_r3077,1,"[[3,4,1,2]]"
True,True,True,1,True,True,True,True,True,n4_o126_r3078,1,"[[4,3,1,2]]"
True,True,True,2,True,True,True,True,True,n4_o126_r3079,8,"[[1,2,3,4],[1,3,2,4],[2,1,3,4],[2,3,1,4],[2,3,4,1],[3,1,2,4],[3,2,1,4],[3,2,4,1]]"
True,True,True,2,True,True,True,True,True,n4_o126_r3080,6,"[[1,2,4,3],[2,1,4,3],[2,4,1,3],[2,4,3,1],[4,2,1,3],[4,2,3,1]]"
True,True,True,2,True,True,True,True,True,n4_o126_r3081,8,"[[1,2,3,4],[1,3,2,4],[2,1,3,4],[2,3,1,4],[2,3,4,1],[3,1,2,4],[3,2,1,4],[3,2,4,1]]"
True,True,True,2,True,True,True,True,True,n4_o126_r3082,6,"[[1,4,2,3],[2,4,1,3],[2,4,3,1],[4,1,2,3],[4,2,1,3],[4,2,3,1]]"
True,True,True,2,True,True,True,True,True,n4_o126_r3083,2,"[[3,4,1,2],[3,4,2,1]]"
True,True,True,2,True,True,True,True,True,n4_o126_r3084,2,"[[4,3,1,2],[4,3,2,1]]"
